reddit_fullname,y_true,prob,margin,pred,pred_tuned,prob_cal,language,record_type,natural,resolved_by,sarcasm_votes,sarcastic_adjudicated,sarcastic_majority
t1_p170d0o,0,0.12984344363212585,-1.90234375,0,0,0.0942954062916717,taglish,comment,True,majority,3-0,0,0
t1_p170sk2,0,0.14080817997455597,-1.80859375,0,0,0.10425718501166209,tagalog,comment,True,majority,3-0,0,0
t1_p174s1z,0,0.19436782598495483,-1.421875,0,0,0.15565700984748004,taglish,comment,True,unanimous,3-0,0,0
t1_p1753z6,0,0.167763352394104,-1.6015625,0,0,0.12958991251933116,taglish,comment,True,majority,3-0,0,0
t1_p179xnz,0,0.4823681712150574,-0.070556640625,0,1,0.4790356833756958,tagalog,comment,True,majority,3-0,0,0
t1_p1803rr,0,0.10743748396635056,-2.1171875,0,0,0.0746214816851354,taglish,comment,True,majority,3-0,0,0
t1_p1m5x7f,0,0.20561502873897552,-1.3515625,0,0,0.1669655156135423,tagalog,comment,True,unanimous,3-0,0,0
t1_p1t5z9b,0,0.1772405207157135,-1.53515625,0,0,0.13876103420374594,taglish,comment,True,unanimous,3-0,0,0
t1_p1t667x,0,0.21601152420043945,-1.2890625,0,0,0.17756067978225853,taglish,comment,True,majority,3-0,0,0
t1_p1tc4gj,0,0.3473156988620758,-0.630859375,0,0,0.32077283042129934,english,comment,True,majority,3-0,0,0
t1_p1tgod4,0,0.3298232853412628,-0.708984375,0,0,0.3008761345961202,tagalog,comment,True,adjudicator,2-1,0,0
t1_p1tx8go,0,0.367951363325119,-0.541015625,0,0,0.3444829693647596,tagalog,comment,True,unanimous,3-0,0,0
t1_p1u8a4a,0,0.42202815413475037,-0.314453125,0,0,0.4075869339302695,english,comment,True,majority,3-0,0,0
t1_p1xk6cu,0,0.06278920918703079,-2.703125,0,0,0.03862089081550496,taglish,comment,True,unanimous,3-0,0,0
t1_p1xs63v,0,0.730289876461029,0.99609375,1,1,0.7657670314311469,tagalog,comment,True,adjudicator,2-1,0,0
t1_p1yfwf0,0,0.7102264761924744,0.896484375,1,1,0.7438556029000138,tagalog,comment,True,adjudicator,2-1,0,1
t1_p21vsuy,0,0.3306872844696045,-0.705078125,0,0,0.3018541834036771,tagalog,comment,True,adjudicator,2-1,0,0
t1_p225yow,0,0.05460060387849808,-2.8515625,0,0,0.032574822439776274,taglish,comment,True,majority,3-0,0,0
t1_p226o49,0,0.30404168367385864,-0.828125,0,0,0.2719379936954602,taglish,comment,True,unanimous,3-0,0,0
t1_p22gufq,0,0.35801631212234497,-0.583984375,0,0,0.33303757827475927,tagalog,comment,True,adjudicator,2-1,0,0
t1_p27676o,0,0.07211221009492874,-2.5546875,0,0,0.045736090655904414,tagalog,comment,True,adjudicator,3-0,0,0
t1_p27mq1d,0,0.2716379463672638,-0.986328125,0,0,0.23632245633414256,taglish,comment,True,unanimous,3-0,0,0
t1_p27mrqh,0,0.10230471193790436,-2.171875,0,0,0.07025301902707505,taglish,comment,True,adjudicator,2-1,0,1
t1_p27mvrh,0,0.6173973083496094,0.478515625,1,1,0.6385449048485139,taglish,comment,True,unanimous,3-0,0,0
t1_p27n0ke,0,0.7412996292114258,1.052734375,1,1,0.7776319086161834,taglish,comment,True,adjudicator,2-1,0,0
t1_p27u5zq,1,0.19744443893432617,-1.40234375,0,0,0.15873411879810068,taglish,comment,True,unanimous,3-0,1,1
t1_p27yi19,0,0.2575782835483551,-1.05859375,0,0,0.22116551068081566,tagalog,comment,True,majority,3-0,0,0
t1_p27zybu,0,0.31111282110214233,-0.794921875,0,0,0.2798256208192962,tagalog,comment,True,adjudicator,2-1,0,1
t1_p2800xg,0,0.5746335387229919,0.30078125,1,1,0.5884814246330555,taglish,comment,True,unanimous,3-0,0,0
t1_p2801kr,0,0.47685369849205017,-0.0926513671875,0,0,0.47248241672060926,tagalog,comment,True,adjudicator,2-1,0,0
t1_p2861tb,0,0.7272012233734131,0.98046875,1,1,0.762417688239128,taglish,comment,True,adjudicator,2-1,0,1
t1_p2876z5,0,0.13939638435840607,-1.8203125,0,0,0.10296289220421616,taglish,comment,True,adjudicator,2-1,0,0
t1_p292hor,0,0.07107366621494293,-2.5703125,0,0,0.04493193106333012,taglish,comment,True,unanimous,3-0,0,0
t1_p2e3ng6,0,0.03384403511881828,-3.3515625,0,0,0.018240500037279138,tagalog,comment,True,adjudicator,3-0,0,0
t1_p2e6wb4,0,0.03934250399470329,-3.1953125,0,0,0.021883660443981507,taglish,comment,True,majority,3-0,0,0
t1_p2ejama,0,0.0384661927819252,-3.21875,0,0,0.02129494923941199,tagalog,comment,True,majority,3-0,0,0
t1_p2f6nj0,0,0.037892427295446396,-3.234375,0,0,0.020911111553412874,english,comment,True,majority,3-0,0,0
t1_p2f72om,0,0.04240382835268974,-3.1171875,0,0,0.023963186354104462,taglish,comment,True,unanimous,3-0,0,0
t1_p2f82p9,0,0.2487165927886963,-1.10546875,0,0,0.21171289150867204,taglish,comment,True,adjudicator,2-1,0,0
t1_p2fjeqv,0,0.12378870695829391,-1.95703125,0,0,0.08888582912579047,english,comment,True,majority,3-0,0,0
t1_p2fvg69,0,0.17838265001773834,-1.52734375,0,0,0.1398750609172413,tagalog,comment,True,adjudicator,2-1,0,0
t1_p2h3oav,0,0.11476478725671768,-2.04296875,0,0,0.0809496930744057,taglish,comment,True,unanimous,3-0,0,0
t1_p2hmf6m,0,0.05541279539465904,-2.8359375,0,0,0.03316550324581615,taglish,comment,True,unanimous,3-0,0,0
t1_p2id2ht,0,0.2598256468772888,-1.046875,0,0,0.22357533397241577,english,comment,True,majority,3-0,0,0
t1_p2kp7px,0,0.07004895806312561,-2.5859375,0,0,0.044141256654822006,english,comment,True,majority,3-0,0,0
t1_p2kqqji,0,0.17895588278770447,-1.5234375,0,0,0.1404348774511225,english,comment,True,majority,3-0,0,0
t1_p2lr6vc,0,0.16451646387577057,-1.625,0,0,0.12647837269938303,taglish,comment,True,majority,3-0,0,0
t1_p2n5l9y,0,0.03676946833729744,-3.265625,0,0,0.020163642187874958,taglish,comment,True,majority,3-0,0,0
t1_p2or0l1,0,0.4431183934211731,-0.228515625,0,0,0.4324769323227485,taglish,comment,True,unanimous,3-0,0,0
t1_p2r1osy,0,0.2632204294204712,-1.029296875,0,0,0.22722500865214892,taglish,comment,True,majority,3-0,0,0
t1_p2r1vu0,0,0.7866228222846985,1.3046875,1,1,0.8251365721757696,tagalog,comment,True,unanimous,3-0,0,0
t1_p2r1wa5,0,0.4184592366218567,-0.3291015625,0,0,0.4033875639721822,tagalog,comment,True,majority,3-0,0,0
t1_p2r3dxn,0,0.26971012353897095,-0.99609375,0,0,0.23423296856885312,tagalog,comment,True,unanimous,3-0,0,0
t1_p2regbb,0,0.3911733329296112,-0.4423828125,0,0,0.37143051102821323,tagalog,comment,True,majority,3-0,0,0
t1_p2remor,0,0.3993430435657501,-0.408203125,0,0,0.3809688312867065,english,comment,True,adjudicator,2-1,0,0
t1_p2repsp,0,0.08570928126573563,-2.3671875,0,0,0.05651490184896655,taglish,comment,True,majority,3-0,0,0
t1_p2rgdnv,0,0.10970578342676163,-2.09375,0,0,0.07656909820820315,tagalog,comment,True,unanimous,3-0,0,0
t1_p2ri7dc,0,0.4820328652858734,-0.0718994140625,0,1,0.4786371896825536,tagalog,comment,True,adjudicator,2-1,0,0
t1_p2s1lp7,0,0.8198933005332947,1.515625,1,1,0.8584398664000145,tagalog,comment,True,adjudicator,2-1,0,0
t1_p2s2gzc,0,0.3473156988620758,-0.630859375,0,0,0.32077283042129934,english,comment,True,adjudicator,2-1,0,0
t1_p2s2ocq,0,0.05146276578307152,-2.9140625,0,0,0.030312200991042915,taglish,comment,True,unanimous,3-0,0,0
t1_p2s61ly,0,0.10743748396635056,-2.1171875,0,0,0.0746214816851354,taglish,comment,True,unanimous,3-0,0,0
t1_p2s699m,0,0.14033624529838562,-1.8125,0,0,0.1038241645434529,taglish,comment,True,unanimous,3-0,0,0
t1_p2sl5gs,0,0.2708657681941986,-0.990234375,0,0,0.23548511961551247,taglish,comment,True,majority,3-0,0,0
t1_p2sn4ye,0,0.08632347732782364,-2.359375,0,0,0.05701233591734254,taglish,comment,True,unanimous,3-0,0,0
t1_p2sv6o3,0,0.3195458948612213,-0.755859375,0,0,0.2892820799911976,taglish,comment,True,majority,3-0,0,0
t1_p2sw82v,1,0.07107366621494293,-2.5703125,0,0,0.04493193106333012,taglish,comment,True,adjudicator,2-1,1,1
t1_p2t5hqv,0,0.04672495648264885,-3.015625,0,0,0.026956542661305673,taglish,comment,True,majority,3-0,0,0
t1_p2t7bog,0,0.06278920918703079,-2.703125,0,0,0.03862089081550496,taglish,comment,True,majority,3-0,0,0
t1_p2tp8go,0,0.1540575623512268,-1.703125,0,0,0.11656503016838424,taglish,comment,True,majority,3-0,0,0
t1_p2tp8yk,0,0.2465333193540573,-1.1171875,0,0,0.2093964454023326,english,comment,True,adjudicator,2-1,0,0
t1_p2tsbrl,0,0.057918090373277664,-2.7890625,0,0,0.0350002388124042,taglish,comment,True,unanimous,3-0,0,0
t1_p2tsh2r,0,0.24184732139110565,-1.142578125,0,0,0.20444157758879877,english,comment,True,majority,3-0,0,0
t1_p2tsuch,0,0.1778108775615692,-1.53125,0,0,0.13931711428922144,taglish,comment,True,majority,3-0,0,0
t1_p2u0kv1,0,0.037892427295446396,-3.234375,0,0,0.020911111553412874,taglish,comment,True,majority,3-0,0,0
t1_p2u10do,0,0.0792103260755539,-2.453125,0,0,0.05130623818728736,tagalog,comment,True,adjudicator,2-1,0,0
t1_p2ubaij,0,0.18653921782970428,-1.47265625,0,0,0.14788415054710619,taglish,comment,True,majority,3-0,0,0
t1_p2ufm58,0,0.06371499598026276,-2.6875,0,0,0.03931674968895177,english,comment,True,majority,3-0,0,0
t1_p2ufyli,0,0.048496000468730927,-2.9765625,0,0,0.028202157952274754,english,comment,True,majority,3-0,0,0
t1_p2uhq0y,1,0.14414885640144348,-1.78125,0,0,0.107333219038969,english,comment,True,majority,3-0,1,1
t1_p2ultws,0,0.2516477108001709,-1.08984375,0,0,0.21483055586525981,taglish,comment,True,unanimous,3-0,0,0
t1_p2umwyx,0,0.1276526302099228,-1.921875,0,0,0.09233036342081492,taglish,comment,True,unanimous,3-0,0,0
t1_p2unb9d,0,0.818156361579895,1.50390625,1,1,0.8567378748415518,taglish,comment,True,majority,3-0,0,0
t1_p2uwcht,0,0.0541987307369709,-2.859375,0,0,0.032283306749067146,taglish,comment,True,majority,3-0,0,0
t1_p2uyzyj,1,0.05964693799614906,-2.7578125,0,0,0.03627734018714017,tagalog,comment,True,adjudicator,2-1,1,0
t1_p2v9pmv,0,0.05184547230601311,-2.90625,0,0,0.030586480321749796,taglish,comment,True,majority,3-0,0,0
t1_p2vg49l,0,0.3442229628562927,-0.64453125,0,0,0.3172407956413789,english,comment,True,unanimous,3-0,0,0
t1_p2vijjk,0,0.2062538117170334,-1.34765625,0,0,0.16761262680904015,taglish,comment,True,adjudicator,2-1,0,0
t1_p2vjmz5,0,0.15304215252399445,-1.7109375,0,0,0.1156117009277118,tagalog,comment,True,majority,3-0,0,0
t1_p2vofl1,0,0.12635333836078644,-1.93359375,0,0,0.09116906514729324,taglish,comment,True,majority,3-0,0,0
t1_p2wekrp,0,0.2018132209777832,-1.375,0,0,0.16312474816227693,english,comment,True,majority,3-0,0,0
t1_p2wkldr,1,0.68804931640625,0.791015625,1,1,0.7192372783737605,taglish,comment,True,unanimous,3-0,1,1
t1_p2wzjy8,0,0.35220175981521606,-0.609375,0,0,0.32636476883677784,english,comment,True,adjudicator,2-1,0,1
t1_p2x2qxx,0,0.10017221421003342,-2.1953125,0,0,0.06845414922004703,taglish,comment,True,unanimous,3-0,0,0
t1_p2x47yo,0,0.3661363422870636,-0.548828125,0,0,0.34238804135318657,english,comment,True,majority,3-0,0,0
t1_p2x9kms,0,0.13341522216796875,-1.87109375,0,0,0.09751745159770717,taglish,comment,True,unanimous,3-0,0,0
t1_p2xa3p1,0,0.14414885640144348,-1.78125,0,0,0.107333219038969,english,comment,True,majority,3-0,0,0
t1_p2xcwww,0,0.4132404029369354,-0.3505859375,0,0,0.39725417117842576,taglish,comment,True,unanimous,3-0,0,0
t1_p2xicor,0,0.6477982401847839,0.609375,1,1,0.6736352311632222,tagalog,comment,True,adjudicator,2-1,0,0
t1_p2xls51,0,0.1937568634748459,-1.42578125,0,0,0.1550474586325307,taglish,comment,True,adjudicator,2-1,0,0
t1_p2xq8v7,0,0.05146276578307152,-2.9140625,0,0,0.030312200991042915,tagalog,comment,True,adjudicator,2-1,0,0
t1_p2y196r,0,0.1200256198644638,-1.9921875,0,0,0.08555768589386153,taglish,comment,True,majority,3-0,0,0
t1_p2y2mmi,0,0.17272931337356567,-1.56640625,0,0,0.1343791797235723,tagalog,comment,True,majority,3-0,0,0
t1_p2y4mmb,0,0.07978201657533646,-2.4453125,0,0,0.05176034166174364,taglish,comment,True,unanimous,3-0,0,0
t1_p2y5zbe,0,0.10158944875001907,-2.1796875,0,0,0.06964859230454833,taglish,comment,True,adjudicator,2-1,0,0
t1_p2y64j1,0,0.04885777831077576,-2.96875,0,0,0.028457904924012165,taglish,comment,True,majority,3-0,0,0
t1_p2y9hhq,0,0.0844927504658699,-2.3828125,0,0,0.05553225154825975,tagalog,comment,True,adjudicator,2-1,0,0
t1_p2ybi8j,0,0.03308597952127457,-3.375,0,0,0.01774801826853234,english,comment,True,adjudicator,2-1,0,0
t1_p2yg5kp,0,0.03090895712375641,-3.4453125,0,0,0.016347621654237057,taglish,comment,True,majority,3-0,0,0
t1_p2yjd22,0,0.20561502873897552,-1.3515625,0,0,0.1669655156135423,english,comment,True,adjudicator,2-1,0,1
t1_p2yp9nz,0,0.6127732396125793,0.458984375,1,1,0.6331669948045305,taglish,comment,True,adjudicator,2-1,0,1
t1_p2yph9l,0,0.09073548763990402,-2.3046875,0,0,0.060611142133322325,tagalog,comment,True,unanimous,3-0,0,0
t1_p2ypp7m,0,0.5914872884750366,0.3701171875,1,1,0.6082938173488638,tagalog,comment,True,majority,3-0,0,0
t1_p2ypqtn,0,0.8110781908035278,1.45703125,1,1,0.8497589771301549,tagalog,comment,True,adjudicator,2-1,0,0
t1_p2ypu78,1,0.7345005869865417,1.017578125,1,1,0.7703186145166889,tagalog,comment,True,unanimous,3-0,1,1
t1_p2ytd7e,0,0.0832919254899025,-2.3984375,0,0,0.05456569889249289,taglish,comment,True,adjudicator,2-1,0,0
t1_p2zj4x8,1,0.6817267537117004,0.76171875,1,1,0.7121484225548824,tagalog,comment,True,adjudicator,3-0,1,1
t1_p2zqdyp,0,0.3562226891517639,-0.591796875,0,0,0.3309771103312394,taglish,comment,True,adjudicator,2-1,0,0
t1_p2zr4tg,1,0.08035747706890106,-2.4375,0,0,0.05221824310913802,english,comment,True,adjudicator,2-1,1,0
t1_p2zvr2s,0,0.06656918674707413,-2.640625,0,0,0.04147717744372475,tagalog,comment,True,adjudicator,2-1,0,0
t1_p2zvy8a,1,0.45901551842689514,-0.164306640625,0,0,0.4513061687155701,english,comment,True,majority,3-0,1,1
t1_p2zw8oh,0,0.15662017464637756,-1.68359375,0,0,0.11897824412101254,tagalog,comment,True,adjudicator,3-0,0,0
t1_p2zx3qg,0,0.3123700022697449,-0.7890625,0,0,0.2812319888062363,tagalog,comment,True,adjudicator,2-1,0,0
t1_p2zy5gz,0,0.15203222632408142,-1.71875,0,0,0.11466515652192286,english,comment,True,majority,3-0,0,0
t1_p300iwt,0,0.22135066986083984,-1.2578125,0,0,0.18305283827335245,taglish,comment,True,majority,3-0,0,0
t1_p300myd,0,0.19314739108085632,-1.4296875,0,0,0.15443985780521036,taglish,comment,True,majority,3-0,0,0
t1_p300sau,0,0.053009770810604095,-2.8828125,0,0,0.031423813827606194,english,comment,True,majority,3-0,0,0
t1_p300zhn,0,0.057918090373277664,-2.7890625,0,0,0.0350002388124042,taglish,comment,True,majority,3-0,0,0
t1_p301ybi,0,0.05541279539465904,-2.8359375,0,0,0.03316550324581615,english,comment,True,majority,3-0,0,0
t1_p3069ki,0,0.046378206461668015,-3.0234375,0,0,0.02671391721377015,taglish,comment,True,adjudicator,3-0,0,0
t1_p309v85,1,0.31153160333633423,-0.79296875,0,0,0.2802939321193906,tagalog,comment,True,unanimous,3-0,1,1
t1_p30apmw,0,0.047074176371097565,-3.0078125,0,0,0.027201310134468026,taglish,comment,True,unanimous,3-0,0,0
t1_p30b0xz,0,0.05033063143491745,-2.9375,0,0,0.02950358577090915,tagalog,comment,True,adjudicator,3-0,0,0
t1_p30b5x6,0,0.05877655744552612,-2.7734375,0,0,0.03563327988170935,taglish,comment,True,unanimous,3-0,0,0
t1_p30cf5s,0,0.12984344363212585,-1.90234375,0,0,0.0942954062916717,taglish,comment,True,majority,3-0,0,0
t1_p30k7eg,0,0.17441026866436005,-1.5546875,0,0,0.13600851297358335,taglish,comment,True,majority,3-0,0,0
t1_p30kfc2,0,0.1710611879825592,-1.578125,0,0,0.1327663659161135,english,comment,True,adjudicator,2-1,0,0
t1_p30kfxi,1,0.3195458948612213,-0.755859375,0,0,0.2892820799911976,tagalog,comment,True,majority,3-0,1,1
t1_p30kkmz,0,0.200557678937912,-1.3828125,0,0,0.16186039656362236,english,comment,True,majority,3-0,0,0
t1_p30l3p2,0,0.19253934919834137,-1.43359375,0,0,0.15383420454378288,english,comment,True,unanimous,3-0,0,0
t1_p30l6ra,0,0.7431680560112,1.0625,1,1,0.779633618817274,tagalog,comment,True,adjudicator,2-1,0,1
t1_p30lg6j,0,0.0792103260755539,-2.453125,0,0,0.05130623818728736,english,comment,True,majority,3-0,0,0
t1_p30lyie,0,0.053403329104185104,-2.875,0,0,0.03170782266449737,taglish,comment,True,majority,3-0,0,0
t1_p30m1mi,0,0.6757646203041077,0.734375,1,1,0.7054368770389279,english,comment,True,adjudicator,2-1,0,0
t1_p30mdif,0,0.6392857432365417,0.572265625,1,1,0.6638597342055548,english,comment,True,adjudicator,2-1,0,1
t1_p30mnwp,1,0.17895588278770447,-1.5234375,0,0,0.1404348774511225,english,comment,True,majority,3-0,1,1
t1_p30mv2j,0,0.053403329104185104,-2.875,0,0,0.03170782266449737,taglish,comment,True,majority,3-0,0,0
t1_p30ncdf,1,0.3949008285999298,-0.4267578125,0,0,0.3757789626320959,taglish,comment,True,adjudicator,2-1,1,1
t1_p30o96b,0,0.038756195455789566,-3.2109375,0,0,0.021489444337887676,taglish,comment,True,unanimous,3-0,0,0
t1_p30on4g,1,0.5679365992546082,0.2734375,1,1,0.5805846317705525,english,comment,True,majority,3-0,1,1
t1_p30p5db,0,0.05665242671966553,-2.8125,0,0,0.03407095850108584,english,comment,True,majority,3-0,0,0
t1_p31h3ut,0,0.14953139424324036,-1.73828125,0,0,0.11232827043498307,english,comment,True,majority,3-0,0,0
t1_p3239ik,1,0.14804720878601074,-1.75,0,0,0.11094619020861662,english,comment,True,adjudicator,2-1,1,1
t1_p32did0,0,0.3094409108161926,-0.802734375,0,0,0.2779571682303584,taglish,comment,True,unanimous,3-0,0,0
t1_p32ojum,0,0.1352320909500122,-1.85546875,0,0,0.09916503058377688,taglish,comment,True,majority,3-0,0,0
t1_p33rvfq,0,0.03760863468050957,-3.2421875,0,0,0.02072173994070112,taglish,comment,True,unanimous,3-0,0,0
t1_p33vmsa,0,0.0753123015165329,-2.5078125,0,0,0.048231547295565495,tagalog,comment,True,adjudicator,2-1,0,0
t1_p35nizi,0,0.043042849749326706,-3.1015625,0,0,0.02440165070190581,taglish,comment,True,unanimous,3-0,0,0
t1_p36h846,0,0.5199174284934998,0.0797119140625,1,1,0.5236807637500769,english,comment,True,adjudicator,2-1,0,0
t1_p3841a8,0,0.4341014325618744,-0.26513671875,0,0,0.42182099597341116,english,comment,True,adjudicator,2-1,0,0
t1_p38b6vw,0,0.2766905128955841,-0.9609375,0,0,0.241815134960511,tagalog,comment,True,adjudicator,2-1,0,1
t1_p38ba2f,0,0.7634837031364441,1.171875,1,1,0.8011666733727839,tagalog,comment,True,adjudicator,2-1,0,1
t1_p38c638,1,0.7106282711029053,0.8984375,1,1,0.7442979008524503,tagalog,comment,True,adjudicator,2-1,1,1
t1_p38csbl,0,0.5265253186225891,0.106201171875,1,1,0.5315318960488306,tagalog,comment,True,adjudicator,2-1,0,1
t1_p38gdc9,0,0.6800292134284973,0.75390625,1,1,0.7102401501498785,tagalog,comment,True,adjudicator,2-1,0,0
t1_p38hels,0,0.35644662380218506,-0.5908203125,0,0,0.3312343166816999,tagalog,comment,True,adjudicator,2-1,0,0
t1_p38ihh5,0,0.6039317846298218,0.421875,1,1,0.6228579912059113,tagalog,comment,True,adjudicator,2-1,0,1
t1_p38iio7,0,0.2643583416938782,-1.0234375,0,0,0.22845087315163984,taglish,comment,True,majority,3-0,0,0
t1_p38ne47,0,0.17328819632530212,-1.5625,0,0,0.13492045062231073,taglish,comment,True,adjudicator,2-1,0,0
t1_p38szj9,0,0.25608712434768677,-1.06640625,0,0,0.21956932511528995,english,comment,True,majority,3-0,0,0
t1_p38t9ig,0,0.23231014609336853,-1.1953125,0,0,0.19443059058255044,english,comment,True,majority,3-0,0,0
t1_p38y4gc,0,0.6834195256233215,0.76953125,1,1,0.7140491873891839,taglish,comment,True,adjudicator,2-1,0,1
t1_p393o0y,0,0.11716747283935547,-2.01953125,0,0,0.08304765282226657,taglish,comment,True,unanimous,3-0,0,0
t1_p39ifp9,0,0.2458084672689438,-1.12109375,0,0,0.2086284494345496,english,comment,True,adjudicator,2-1,0,0
t1_p39w3n5,0,0.10447732359170914,-2.1484375,0,0,0.07209550186249786,english,comment,True,majority,3-0,0,0
t1_p3a6b8z,0,0.32380759716033936,-0.736328125,0,0,0.29408071252123386,taglish,comment,True,unanimous,3-0,0,0
t1_p3bbhbj,1,0.08269734680652618,-2.40625,0,0,0.05408838736301812,english,comment,True,adjudicator,2-1,1,0
t1_p3buqud,0,0.3132096529006958,-0.78515625,0,0,0.28217195403290746,tagalog,comment,True,adjudicator,2-1,0,1
t1_p3bv2j9,0,0.11961366981267929,-1.99609375,0,0,0.08519494477629674,english,comment,True,majority,3-0,0,0
t1_p3c49lt,0,0.06903792917728424,-2.6015625,0,0,0.04336386413735613,tagalog,comment,True,majority,3-0,0,0
t1_p3ccojs,0,0.1672186702489853,-1.60546875,0,0,0.1290668359987849,tagalog,comment,True,adjudicator,2-1,0,0
t1_p3cd49q,0,0.818156361579895,1.50390625,1,1,0.8567378748415518,taglish,comment,True,adjudicator,2-1,0,0
t1_p3ci3lu,0,0.4327225089073181,-0.270751953125,0,0,0.4201932462981335,english,comment,True,unanimous,3-0,0,0
t1_p3cwvys,0,0.3372035324573517,-0.67578125,0,0,0.3092465996627044,tagalog,comment,True,adjudicator,2-1,0,0
t1_p3d90x5,0,0.3407045304775238,-0.66015625,0,0,0.3132298263462025,english,comment,True,majority,3-0,0,0
t1_p3difvl,1,0.1661335527896881,-1.61328125,0,0,0.12802607788327547,taglish,comment,True,unanimous,3-0,1,1
t1_p3dmz5w,0,0.08632347732782364,-2.359375,0,0,0.05701233591734254,taglish,comment,True,majority,3-0,0,0
t1_p3dztkd,0,0.17441026866436005,-1.5546875,0,0,0.13600851297358335,english,comment,True,majority,3-0,0,0
t1_p3e1jwn,0,0.2062538117170334,-1.34765625,0,0,0.16761262680904015,taglish,comment,True,majority,3-0,0,0
t1_p3e3pq4,0,0.18242552876472473,-1.5,0,0,0.14383323073851703,taglish,comment,True,unanimous,3-0,0,0
t1_p3ealbk,0,0.09467770159244537,-2.2578125,0,0,0.06386389557786684,taglish,comment,True,unanimous,3-0,0,0
t1_p3egqib,0,0.12852515280246735,-1.9140625,0,0,0.09311192782541965,taglish,comment,True,majority,3-0,0,0
t1_p3equtk,0,0.37983837723731995,-0.490234375,0,0,0.35824483774906357,taglish,comment,True,unanimous,3-0,0,0
t1_p3er2di,0,0.2869678735733032,-0.91015625,0,0,0.25305885786273724,taglish,comment,True,majority,3-0,0,0
t1_p3eruxa,0,0.04208773002028465,-3.125,0,0,0.023746845439739383,taglish,comment,True,unanimous,3-0,0,0
t1_p3etfu1,0,0.16667540371418,-1.609375,0,0,0.128545559011782,english,comment,True,majority,3-0,0,0
t1_p3etqi4,1,0.7000752091407776,0.84765625,1,1,0.7326361724191266,tagalog,comment,True,adjudicator,2-1,1,1
t1_p3ettn0,0,0.14414885640144348,-1.78125,0,0,0.107333219038969,taglish,comment,True,majority,3-0,0,0
t1_p3eujvw,0,0.08882029354572296,-2.328125,0,0,0.05904347978298766,taglish,comment,True,majority,3-0,0,0
t1_p3ev21r,0,0.5152044892311096,0.0608367919921875,1,1,0.5180790014505994,english,comment,True,adjudicator,2-1,0,0
t1_p3evq8z,0,0.2587003707885742,-1.052734375,0,0,0.22236809138381658,taglish,comment,True,majority,3-0,0,0
t1_p3ewny7,0,0.5376483201980591,0.15087890625,1,1,0.5447366114786287,tagalog,comment,True,adjudicator,2-1,0,1
t1_p3exe59,0,0.21011726558208466,-1.32421875,0,0,0.171537402284092,tagalog,comment,True,adjudicator,2-1,0,1
t1_p3eyl3v,1,0.7209580540657043,0.94921875,1,1,0.7556206421996797,taglish,comment,True,majority,3-0,1,1
t1_p3ez7a5,0,0.36931508779525757,-0.53515625,0,0,0.3460581473912777,taglish,comment,True,majority,3-0,0,0
t1_p3ezlsv,0,0.2934044897556305,-0.87890625,0,0,0.26014759589590836,tagalog,comment,True,majority,3-0,0,0
t1_p3f2ovk,0,0.2186693549156189,-1.2734375,0,0,0.18029044603254593,taglish,comment,True,unanimous,3-0,0,0
t1_p3f3esb,0,0.23091977834701538,-1.203125,0,0,0.19297954590997313,taglish,comment,True,adjudicator,2-1,0,0
t1_p3f3yqs,0,0.13432106375694275,-1.86328125,0,0,0.0983381669678872,tagalog,comment,True,adjudicator,3-0,0,0
t1_p3f5hb2,0,0.18952110409736633,-1.453125,0,0,0.150835051309789,taglish,comment,True,adjudicator,2-1,0,0
t1_p3f71ak,0,0.41917234659194946,-0.326171875,0,0,0.40422632717979945,taglish,comment,True,majority,3-0,0,0
t1_p3f7adt,0,0.14560064673423767,-1.76953125,0,0,0.10867579333120232,english,comment,True,majority,3-0,0,0
t1_p3f7jx0,0,0.39981165528297424,-0.40625,0,0,0.3815167414936945,tagalog,comment,True,adjudicator,2-1,0,0
t1_p3f8mlm,1,0.7859664559364319,1.30078125,1,1,0.8244653009725889,english,comment,True,adjudicator,2-1,1,1
t1_p3fakiq,0,0.18713268637657166,-1.46875,0,0,0.14847048846695027,english,comment,True,adjudicator,2-1,0,0
t1_p3famw2,0,0.4436606466770172,-0.226318359375,0,0,0.4331183824749547,tagalog,comment,True,adjudicator,3-0,0,1
t1_p3fd8u6,0,0.26779094338417053,-1.005859375,0,0,0.2321563391537088,tagalog,comment,True,adjudicator,2-1,0,0
t1_p3fdc66,0,0.18417982757091522,-1.48828125,0,0,0.14555791792331574,taglish,comment,True,majority,3-0,0,0
t1_p3fe0l3,0,0.1766716092824936,-1.5390625,0,0,0.13820681727981968,tagalog,comment,True,adjudicator,2-1,0,0
t1_p3ffwh3,1,0.2443629950284958,-1.12890625,0,0,0.20709868586752167,taglish,comment,True,majority,3-0,1,1
t1_p3fjudp,0,0.1937568634748459,-1.42578125,0,0,0.1550474586325307,tagalog,comment,True,adjudicator,2-1,0,0
t1_p3fn9rl,0,0.7197777628898621,0.943359375,1,1,0.7543316520279979,tagalog,comment,True,adjudicator,2-1,0,1
t1_p3fo4vm,0,0.16885694861412048,-1.59375,0,0,0.13064147879328844,taglish,comment,True,adjudicator,2-1,0,0
t1_p3foi7m,0,0.2146914005279541,-1.296875,0,0,0.1762079968309175,taglish,comment,True,majority,3-0,0,0
t1_p3fov8w,0,0.2818007171154022,-0.935546875,0,0,0.24739411969803593,taglish,comment,True,unanimous,3-0,0,0
t1_p3fq6qy,0,0.31615811586380005,-0.771484375,0,0,0.2854767988556251,taglish,comment,True,majority,3-0,0,0
t1_p3fs17k,0,0.2568320035934448,-1.0625,0,0,0.2203663811827261,tagalog,comment,True,majority,3-0,0,0
t1_p3fse21,0,0.8050197958946228,1.41796875,1,1,0.8437314857522836,tagalog,comment,True,adjudicator,2-1,0,0
t1_p3fu247,0,0.49908447265625,-0.003662109375,0,1,0.49891125008960907,english,comment,True,adjudicator,2-1,0,0
t1_p3fwq8b,0,0.27904197573661804,-0.94921875,0,0,0.24437935780032022,english,comment,True,adjudicator,2-1,0,0
t1_p3g033a,0,0.5736784338951111,0.296875,1,1,0.5873559971982997,tagalog,comment,True,adjudicator,2-1,0,0
t1_p3g0zhb,0,0.2628418207168579,-1.03125,0,0,0.22681742058278329,tagalog,comment,True,adjudicator,2-1,0,0
t1_p3g1gjf,0,0.351311057806015,-0.61328125,0,0,0.3253443119571034,taglish,comment,True,unanimous,3-0,0,0
t1_p3g3bgw,0,0.26664361357688904,-1.01171875,0,0,0.23091654208810578,taglish,comment,True,majority,3-0,0,0
t1_p3g3iqe,0,0.2934044897556305,-0.87890625,0,0,0.26014759589590836,taglish,comment,True,unanimous,3-0,0,0
t1_p3g4gf0,0,0.09670579433441162,-2.234375,0,0,0.06555062865186623,taglish,comment,True,majority,3-0,0,0
t1_p3g7db7,0,0.3132096529006958,-0.78515625,0,0,0.28217195403290746,taglish,comment,True,majority,3-0,0,0
t1_p3gclze,0,0.23651622235774994,-1.171875,0,0,0.19883332662721606,taglish,comment,True,unanimous,3-0,0,0
t1_p3gcwif,0,0.10230471193790436,-2.171875,0,0,0.07025301902707505,english,comment,True,majority,3-0,0,0
t1_p3ge4mk,0,0.44058963656425476,-0.23876953125,0,0,0.4294865240210943,english,comment,True,majority,3-0,0,0
t1_p3gee5s,0,0.14080817997455597,-1.80859375,0,0,0.10425718501166209,english,comment,True,majority,3-0,0,0
t1_p3gghb0,0,0.07004895806312561,-2.5859375,0,0,0.044141256654822006,taglish,comment,True,unanimous,3-0,0,0
t1_p3giaih,0,0.056236349046230316,-2.8203125,0,0,0.03376652104915705,taglish,comment,True,majority,3-0,0,0
t1_p3givpi,0,0.10932482779026031,-2.09765625,0,0,0.07624128890071215,taglish,comment,True,adjudicator,2-1,0,0
t1_p3givw4,0,0.6036982536315918,0.4208984375,1,1,0.6225851478306392,taglish,comment,True,unanimous,3-0,0,0
t1_p3gj36e,0,0.10818895697593689,-2.109375,0,0,0.07526557298266562,taglish,comment,True,unanimous,3-0,0,0
t1_p3gjm0x,0,0.11920293420553207,-2.0,0,0,0.08483359890713962,taglish,comment,True,majority,3-0,0,0
t1_p3gjm41,0,0.7045668363571167,0.869140625,1,1,0.7376109545728547,taglish,comment,True,unanimous,3-0,0,0
t1_p3gjnmz,0,0.40427225828170776,-0.3876953125,0,0,0.38673675854172335,english,comment,True,majority,3-0,0,0
t1_p3gk5rl,0,0.8494724035263062,1.73046875,1,1,0.8867420080274357,taglish,comment,True,majority,3-0,0,0
t1_p3gkat4,0,0.18952110409736633,-1.453125,0,0,0.150835051309789,taglish,comment,True,majority,3-0,0,0
t1_p3glnke,0,0.053403329104185104,-2.875,0,0,0.03170782266449737,taglish,comment,True,unanimous,3-0,0,0
t1_p3gmrfg,0,0.2443629950284958,-1.12890625,0,0,0.20709868586752167,english,comment,True,majority,3-0,0,0
t1_p3gudyz,0,0.04054073989391327,-3.1640625,0,0,0.022693414415872554,tagalog,comment,True,majority,3-0,0,0
t1_p3gv5a5,0,0.05033063143491745,-2.9375,0,0,0.02950358577090915,english,comment,True,majority,3-0,0,0
t1_p3gyo9g,0,0.038756195455789566,-3.2109375,0,0,0.021489444337887676,taglish,comment,True,majority,3-0,0,0
t1_p3h2zmc,0,0.729519784450531,0.9921875,1,1,0.7649327781168402,taglish,comment,True,majority,3-0,0,0
t1_p3h6dmg,0,0.21800270676612854,-1.27734375,0,0,0.17960494999972434,taglish,comment,True,majority,3-0,0,0
t1_p3h9md9,0,0.06278920918703079,-2.703125,0,0,0.03862089081550496,english,comment,True,majority,3-0,0,0
t1_p3halwh,0,0.42417341470718384,-0.3056640625,0,0,0.41011309283112374,tagalog,comment,True,unanimous,3-0,0,0
t1_p3hd3co,0,0.08151976019144058,-2.421875,0,0,0.05314555140233081,tagalog,comment,True,adjudicator,2-1,0,1
t1_p3hdq1k,0,0.11162799596786499,-2.07421875,0,0,0.07822760839254668,english,comment,True,majority,3-0,0,0
t1_p3hfbd5,0,0.200557678937912,-1.3828125,0,0,0.16186039656362236,english,comment,True,majority,3-0,0,0
t1_p3hib7w,0,0.49526989459991455,-0.0189208984375,0,1,0.49437502055907745,taglish,comment,True,unanimous,3-0,0,0
t1_p3hvmlx,0,0.038756195455789566,-3.2109375,0,0,0.021489444337887676,taglish,comment,True,majority,3-0,0,0
t1_p3hx9p2,0,0.048496000468730927,-2.9765625,0,0,0.028202157952274754,taglish,comment,True,majority,3-0,0,0
t1_p3i3r5t,0,0.17384853959083557,-1.55859375,0,0,0.13546356053949013,taglish,comment,True,unanimous,3-0,0,0
t1_p3i4nnr,0,0.20370754599571228,-1.36328125,0,0,0.1650361675608478,taglish,comment,True,majority,3-0,0,0
t1_p3icjj8,0,0.046378206461668015,-3.0234375,0,0,0.02671391721377015,taglish,comment,True,unanimous,3-0,0,0
t1_p3ifa43,0,0.07751766592264175,-2.4765625,0,0,0.04996643926255239,taglish,comment,True,unanimous,3-0,0,0
t1_p3imb72,0,0.043042849749326706,-3.1015625,0,0,0.02440165070190581,taglish,comment,True,majority,3-0,0,0
t1_p3immhh,0,0.6535692811012268,0.634765625,1,1,0.6802384414992481,taglish,comment,True,adjudicator,2-1,0,1
t1_p3inhz7,0,0.1778108775615692,-1.53125,0,0,0.13931711428922144,english,comment,True,majority,3-0,0,0
t1_p3inwlh,0,0.06903792917728424,-2.6015625,0,0,0.04336386413735613,taglish,comment,True,unanimous,3-0,0,0
t1_p3iocck,0,0.03308597952127457,-3.375,0,0,0.01774801826853234,taglish,comment,True,majority,3-0,0,0
t1_p3iqvxf,0,0.47275957465171814,-0.10906982421875,0,0,0.4676187325379954,english,comment,True,majority,3-0,0,0
t1_p3j9h67,0,0.4078049957752228,-0.373046875,0,0,0.390876354125231,tagalog,comment,True,adjudicator,2-1,0,0
t1_p3ja4pl,0,0.09334688633680344,-2.2734375,0,0,0.06276196510726108,taglish,comment,True,majority,3-0,0,0
t1_p3jdbrh,0,0.1766716092824936,-1.5390625,0,0,0.13820681727981968,english,comment,True,majority,3-0,0,0
t1_p3jg6ib,0,0.25201570987701416,-1.087890625,0,0,0.21522259961744689,taglish,comment,True,majority,3-0,0,0
t1_p3jmd8b,0,0.07316472381353378,-2.5390625,0,0,0.046553940983649456,english,comment,True,majority,3-0,0,0
t1_p3jn9cc,0,0.11240508407354355,-2.06640625,0,0,0.07890017188740639,taglish,comment,True,unanimous,3-0,0,0
t1_p3js9ge,0,0.5193689465522766,0.0775146484375,1,1,0.523028938125238,tagalog,comment,True,unanimous,3-0,0,0
t1_p3jsyoe,0,0.034100428223609924,-3.34375,0,0,0.01840762235650606,english,comment,True,majority,3-0,0,0
t1_p3jv73o,0,0.3380771279335022,-0.671875,0,0,0.31023978367896987,taglish,comment,True,majority,3-0,0,0
t1_p3jwb7h,1,0.332852303981781,-0.6953125,0,0,0.3043071775494384,tagalog,comment,True,majority,3-0,1,1
t1_p3jwn7p,0,0.048136770725250244,-2.984375,0,0,0.027948643223033916,taglish,comment,True,majority,3-0,0,0
t1_p3jz6za,0,0.09401018172502518,-2.265625,0,0,0.06331069501508085,english,comment,True,majority,3-0,0,0
t1_p3jzbm8,0,0.3993430435657501,-0.408203125,0,0,0.3809688312867065,tagalog,comment,True,adjudicator,2-1,0,1
t1_p3jzkmd,0,0.21272224187850952,-1.30859375,0,0,0.17419418129520192,taglish,comment,True,majority,3-0,0,0
t1_p3k03nh,0,0.17838265001773834,-1.52734375,0,0,0.1398750609172413,taglish,comment,True,majority,3-0,0,0
t1_p3k28vw,0,0.13799647986888885,-1.83203125,0,0,0.1016828433012154,taglish,comment,True,unanimous,3-0,0,0
t1_p3k4aop,0,0.6074303388595581,0.4365234375,1,1,0.6269412162269894,taglish,comment,True,majority,3-0,0,0
t1_p3k7vlg,0,0.18772760033607483,-1.46484375,0,0,0.1490587444649132,tagalog,comment,True,adjudicator,2-1,0,1
t1_p3k8lgh,0,0.12852515280246735,-1.9140625,0,0,0.09311192782541965,tagalog,comment,True,unanimous,3-0,0,0
t1_p3k99yb,0,0.8300437331199646,1.5859375,1,1,0.8682997130407113,english,comment,True,adjudicator,2-1,0,0
t1_p3kb9ev,0,0.5100885629653931,0.0403594970703125,1,1,0.5119966474035651,tagalog,comment,True,adjudicator,2-1,0,0
t1_p3kdw2q,1,0.043042849749326706,-3.1015625,0,0,0.02440165070190581,taglish,comment,True,adjudicator,2-1,1,1
t1_p3ke9rx,0,0.10521054267883301,-2.140625,0,0,0.07271950364676193,english,comment,True,majority,3-0,0,0
t1_p3khdbr,0,0.7098243832588196,0.89453125,1,1,0.7434128036321634,tagalog,comment,True,majority,3-0,0,0
t1_p3khg70,0,0.684264063835144,0.7734375,1,1,0.7149967427645498,tagalog,comment,True,adjudicator,2-1,0,0
t1_p3kijwr,0,0.621540904045105,0.49609375,1,1,0.643355558724394,tagalog,comment,True,adjudicator,2-1,0,0
t1_p3kiols,0,0.2487165927886963,-1.10546875,0,0,0.21171289150867204,taglish,comment,True,majority,3-0,0,0
t1_p3kj419,0,0.08694165199995041,-2.3515625,0,0,0.05751388141327214,english,comment,True,majority,3-0,0,0
t1_p3kjj5w,0,0.11240508407354355,-2.06640625,0,0,0.07890017188740639,english,comment,True,majority,3-0,0,0
t1_p3kjuid,0,0.06233103200793266,-2.7109375,0,0,0.03827740899962687,taglish,comment,True,majority,3-0,0,0
t1_p3kk6sm,0,0.3661363422870636,-0.548828125,0,0,0.34238804135318657,tagalog,comment,True,adjudicator,2-1,0,1
t1_p3kkj87,0,0.10087861120700836,-2.1875,0,0,0.0690489796069979,english,comment,True,majority,3-0,0,0
t1_p3klgsq,0,0.801314651966095,1.39453125,1,1,0.8400212888872336,tagalog,comment,True,majority,3-0,0,0
t1_p3kls4p,0,0.06142404302954674,-2.7265625,0,0,0.03759922525176843,english,comment,True,majority,3-0,0,0
t1_p3km1oi,0,0.3073580265045166,-0.8125,0,0,0.2756324246550468,taglish,comment,True,majority,3-0,0,0
t1_p3km5es,0,0.1755380630493164,-1.546875,0,0,0.13710395930559685,tagalog,comment,True,adjudicator,2-1,0,1
t1_p3kmf0f,0,0.18068422377109528,-1.51171875,0,0,0.14212557985116697,taglish,comment,True,majority,3-0,0,0
t1_p3kmmqe,0,0.12421301752328873,-1.953125,0,0,0.08926275180885183,taglish,comment,True,unanimous,3-0,0,0
t1_p3konht,0,0.7341195344924927,1.015625,1,1,0.769907411495735,taglish,comment,True,majority,3-0,0,0
t1_p3kosqw,0,0.2643583416938782,-1.0234375,0,0,0.22845087315163984,tagalog,comment,True,adjudicator,2-1,0,1
t1_p3kp53c,0,0.29421496391296387,-0.875,0,0,0.2610426840650843,taglish,comment,True,unanimous,3-0,0,0
t1_p3kp7pr,0,0.8037906289100647,1.41015625,1,1,0.8425026063271922,tagalog,comment,True,adjudicator,2-1,0,0
t1_p3kqtje,0,0.048136770725250244,-2.984375,0,0,0.027948643223033916,taglish,comment,True,unanimous,3-0,0,0
t1_p3ktk1i,0,0.8484706878662109,1.72265625,1,1,0.8858055812873041,tagalog,comment,True,adjudicator,2-1,0,0
t1_p3kxp80,0,0.2958398759365082,-0.8671875,0,0,0.2628388254372831,tagalog,comment,True,majority,3-0,0,0
t1_p3kxql2,0,0.04023794084787369,-3.171875,0,0,0.022488272944621714,english,comment,True,majority,3-0,0,0
t1_p3l1c0p,0,0.22884514927864075,-1.21484375,0,0,0.1908184532684904,tagalog,comment,True,unanimous,3-0,0,0
t1_p3l1wn3,0,0.7718434929847717,1.21875,1,1,0.8098977887340177,taglish,comment,True,majority,3-0,0,0
t1_p3l7b39,0,0.06278920918703079,-2.703125,0,0,0.03862089081550496,taglish,comment,True,majority,3-0,0,0
t1_p3lcowc,0,0.5836780667304993,0.337890625,1,1,0.5991253208430107,english,comment,True,majority,3-0,0,0
t1_p3lgy3u,0,0.3729618489742279,-0.51953125,0,0,0.35027508584882017,taglish,comment,True,unanimous,3-0,0,0
t1_p3lhab2,0,0.060086652636528015,-2.75,0,0,0.036603557505059656,taglish,comment,True,majority,3-0,0,0
t1_p3lrd7j,0,0.09073548763990402,-2.3046875,0,0,0.060611142133322325,taglish,comment,True,majority,3-0,0,0
t1_p3lsnni,0,0.2523840665817261,-1.0859375,0,0,0.21561516234262107,english,comment,True,majority,3-0,0,0
t1_p3lvqwa,0,0.30445513129234314,-0.826171875,0,0,0.2723980973810203,tagalog,comment,True,adjudicator,2-1,0,0
t1_p3lw9cc,0,0.25720497965812683,-1.060546875,0,0,0.22076568678649647,english,comment,True,majority,3-0,0,0
t1_p3lwkjv,1,0.12085322290658951,-1.984375,0,0,0.08628737051690295,taglish,comment,True,adjudicator,2-1,1,0
t1_p3lwzlk,0,0.08151976019144058,-2.421875,0,0,0.05314555140233081,english,comment,True,majority,3-0,0,0
t1_p3lx9gn,0,0.1233656257390976,-1.9609375,0,0,0.08851034336362729,english,comment,True,majority,3-0,0,0
t1_p3lxvql,0,0.22270013391971588,-1.25,0,0,0.1844463016708196,taglish,comment,True,unanimous,3-0,0,0
t1_p3lyi6l,0,0.18359361588954926,-1.4921875,0,0,0.1449811239171632,taglish,comment,True,adjudicator,2-1,0,1
t1_p3m00z4,0,0.4315841495990753,-0.275390625,0,0,0.4188498899363704,english,comment,True,majority,3-0,0,0
t1_p3m3i1y,0,0.3900110721588135,-0.447265625,0,0,0.3700758423390152,english,comment,True,majority,3-0,0,0
t1_p3m3y27,0,0.04958902671933174,-2.953125,0,0,0.02897616944174692,taglish,comment,True,unanimous,3-0,0,0
t1_p3m5ru1,0,0.13251455128192902,-1.87890625,0,0,0.09670285118004486,taglish,comment,True,majority,3-0,0,0
t1_p3m7zka,0,0.060086652636528015,-2.75,0,0,0.036603557505059656,taglish,comment,True,unanimous,3-0,0,0
t1_p3m8tkc,0,0.3890821933746338,-0.451171875,0,0,0.3689935770805955,taglish,comment,True,unanimous,3-0,0,0
t1_p3mc8tw,0,0.3591393530368805,-0.5791015625,0,0,0.33432862565769855,taglish,comment,True,majority,3-0,0,0
t1_p3mefhu,0,0.103748619556427,-2.15625,0,0,0.07147644186465227,taglish,comment,True,unanimous,3-0,0,0
t1_p3mepmv,0,0.11201595515012741,-2.0703125,0,0,0.07856323179659935,english,comment,True,majority,3-0,0,0
t1_p3merrd,0,0.12896330654621124,-1.91015625,0,0,0.0935049322238215,taglish,comment,True,adjudicator,2-1,0,0
t1_p3mg8ib,0,0.5302060842514038,0.1209716796875,1,1,0.5359031964209432,english,comment,True,majority,3-0,0,0
t1_p3mk15j,0,0.19559408724308014,-1.4140625,0,0,0.15688197460657236,english,comment,True,unanimous,3-0,0,0
t1_p3mkrdc,0,0.17838265001773834,-1.52734375,0,0,0.1398750609172413,taglish,comment,True,adjudicator,2-1,0,0
t1_p3mm42l,0,0.5987815260887146,0.400390625,1,1,0.6168377229117843,tagalog,comment,True,adjudicator,2-1,0,1
t1_p3mzjh2,0,0.227469339966774,-1.22265625,0,0,0.18938802847167951,taglish,comment,True,unanimous,3-0,0,0
t1_p3n1rjf,0,0.14463144540786743,-1.77734375,0,0,0.10777911463866278,taglish,comment,True,adjudicator,2-1,0,1
t1_p3n7ncs,0,0.17441026866436005,-1.5546875,0,0,0.13600851297358335,taglish,comment,True,adjudicator,2-1,0,0
t1_p3n9wiv,0,0.06142404302954674,-2.7265625,0,0,0.03759922525176843,taglish,comment,True,unanimous,3-0,0,0
t1_p3ncczb,0,0.0753123015165329,-2.5078125,0,0,0.048231547295565495,taglish,comment,True,majority,3-0,0,0
t1_p3ndwj2,0,0.8272706270217896,1.56640625,1,1,0.8656208202764278,taglish,comment,True,majority,3-0,0,0
t1_p3nsqo0,0,0.16238003969192505,-1.640625,0,0,0.124439682567861,taglish,comment,True,unanimous,3-0,0,0
t1_p3nt7nq,0,0.08819004148244858,-2.3359375,0,0,0.05852942388993353,taglish,comment,True,majority,3-0,0,0
t1_p3ntkr9,0,0.16830945014953613,-1.59765625,0,0,0.1301147922349188,taglish,comment,True,majority,3-0,0,0
t1_p3ntzw9,0,0.3011564612388611,-0.841796875,0,0,0.268730934896507,taglish,comment,True,unanimous,3-0,0,0
t1_p3nvcgm,0,0.19314739108085632,-1.4296875,0,0,0.15443985780521036,english,comment,True,adjudicator,3-0,0,0
t1_p3nvpln,0,0.06418264657258987,-2.6796875,0,0,0.03966917331429503,taglish,comment,True,unanimous,3-0,0,0
t1_p3nxpy9,0,0.06278920918703079,-2.703125,0,0,0.03862089081550496,taglish,comment,True,unanimous,3-0,0,0
t1_p3nzuws,0,0.3015676736831665,-0.83984375,0,0,0.2691876186443623,taglish,comment,True,majority,3-0,0,0
t1_p3olkdj,0,0.3363310694694519,-0.6796875,0,0,0.3082551742343961,english,comment,True,adjudicator,2-1,0,1
t1_p3ougwj,0,0.07263670861721039,-2.546875,0,0,0.04614329154291316,english,comment,True,adjudicator,2-1,0,0
t1_p3p30ek,0,0.37387582659721375,-0.515625,0,0,0.3513330176878346,tagalog,comment,True,majority,3-0,0,0
t1_p3pcwwb,0,0.12549343705177307,-1.94140625,0,0,0.09040218312581255,english,comment,True,majority,3-0,0,0
t1_p3pq2hf,0,0.5727227926254272,0.29296875,1,1,0.5862296560012284,tagalog,comment,True,unanimous,3-0,0,0
t1_p3q6ebo,0,0.2509128153324127,-1.09375,0,0,0.21404802538476875,tagalog,comment,True,unanimous,3-0,0,0
t1_p3qfzqe,0,0.07263670861721039,-2.546875,0,0,0.04614329154291316,taglish,comment,True,majority,3-0,0,0
t1_p3qgyt6,0,0.16079242527484894,-1.65234375,0,0,0.12292922103031796,tagalog,comment,True,adjudicator,3-0,0,1
t1_p3qp9i0,0,0.3199707567691803,-0.75390625,0,0,0.28975984985012154,taglish,comment,True,majority,3-0,0,0
t1_p3qwhkd,0,0.0838903859257698,-2.390625,0,0,0.05504697741080492,english,comment,True,adjudicator,2-1,0,0
t1_p3r6p6x,0,0.15974101424217224,-1.66015625,0,0,0.12193102599132717,tagalog,comment,True,adjudicator,2-1,0,0
t1_p3rbynx,0,0.5289592146873474,0.115966796875,1,1,0.534422595999225,taglish,comment,True,unanimous,3-0,0,0
t1_p3rexry,0,0.5461330413818359,0.18505859375,1,1,0.5547972650851324,tagalog,comment,True,adjudicator,3-0,0,0
t1_p3rmjs2,0,0.468030720949173,-0.1280517578125,0,0,0.4620033822525771,taglish,comment,True,majority,3-0,0,0
t1_p3rplf2,0,0.057918090373277664,-2.7890625,0,0,0.0350002388124042,taglish,comment,True,majority,3-0,0,0
t1_p3rqnvc,0,0.20370754599571228,-1.36328125,0,0,0.1650361675608478,taglish,comment,True,majority,3-0,0,0
t1_p3s504y,0,0.10594828426837921,-2.1328125,0,0,0.07334847937341782,taglish,comment,True,majority,3-0,0,0
t1_p3sc60l,0,0.07864238321781158,-2.4609375,0,0,0.050855904984137765,english,comment,True,adjudicator,2-1,0,0
t1_p3siquu,0,0.16026602685451508,-1.65625,0,0,0.12242924812298399,english,comment,True,majority,3-0,0,0
t1_p3sv1c4,0,0.06371499598026276,-2.6875,0,0,0.03931674968895177,taglish,comment,True,majority,3-0,0,0
t1_p3t5pdh,0,0.45919734239578247,-0.16357421875,0,0,0.4515218629544837,english,comment,True,adjudicator,2-1,0,1
t1_p3te8we,0,0.19993212819099426,-1.38671875,0,0,0.16123119169686187,taglish,comment,True,majority,3-0,0,0
t1_p3uaj0a,0,0.35398629307746887,-0.6015625,0,0,0.3284106180830887,english,comment,True,unanimous,3-0,0,0
t1_p3ubs81,0,0.03993731364607811,-3.1796875,0,0,0.02228494360389489,taglish,comment,True,adjudicator,2-1,0,0
t1_p3ucskm,0,0.07369627058506012,-2.53125,0,0,0.046968065023667654,tagalog,comment,True,adjudicator,2-1,0,0
t1_p3ux07e,0,0.8128673434257507,1.46875,1,1,0.8515295115330498,tagalog,comment,True,adjudicator,2-1,0,1
t1_p3v4tfh,0,0.08035747706890106,-2.4375,0,0,0.05221824310913802,taglish,comment,True,majority,3-0,0,0
t1_p3v75o1,0,0.2024431973695755,-1.37109375,0,0,0.16375989989982115,taglish,comment,True,adjudicator,2-1,0,1
t1_p3vbu17,0,0.0838903859257698,-2.390625,0,0,0.05504697741080492,taglish,comment,True,adjudicator,2-1,0,0
t1_p3vcc6j,0,0.04054073989391327,-3.1640625,0,0,0.022693414415872554,tagalog,comment,True,majority,3-0,0,0
t1_p3vdjmm,0,0.05707139894366264,-2.8046875,0,0,0.03437804308929698,tagalog,comment,True,majority,3-0,0,0
t1_p3ve88l,0,0.28776782751083374,-0.90625,0,0,0.2539379272430908,taglish,comment,True,unanimous,3-0,0,0
t1_p3vf3pc,0,0.06754669547080994,-2.625,0,0,0.04222223977520221,taglish,comment,True,unanimous,3-0,0,0
t1_p3vfivh,0,0.052618954330682755,-2.890625,0,0,0.031142267058074505,taglish,comment,True,majority,3-0,0,0
t1_p3vgugz,0,0.053799647837877274,-2.8671875,0,0,0.03199431358709801,taglish,comment,True,majority,3-0,0,0
t1_p3vgz7d,0,0.10158944875001907,-2.1796875,0,0,0.06964859230454833,taglish,comment,True,majority,3-0,0,0
t1_p3vjl3w,0,0.04958902671933174,-2.953125,0,0,0.02897616944174692,taglish,comment,True,majority,3-0,0,0
t1_p3vltwc,0,0.047074176371097565,-3.0078125,0,0,0.027201310134468026,taglish,comment,True,unanimous,3-0,0,0
t1_p3vmm1h,0,0.1525365114212036,-1.71484375,0,0,0.11513758260229867,tagalog,comment,True,majority,3-0,0,0
t1_p3vqy0i,0,0.05707139894366264,-2.8046875,0,0,0.03437804308929698,taglish,comment,True,majority,3-0,0,0
t1_p3vrkpf,0,0.2186693549156189,-1.2734375,0,0,0.18029044603254593,taglish,comment,True,majority,3-0,0,0
t1_p3wnwnp,0,0.07159119844436646,-2.5625,0,0,0.04533231241751324,taglish,comment,True,majority,3-0,0,0
t1_p3xq6o6,0,0.07055959850549698,-2.578125,0,0,0.044534920969878176,taglish,comment,True,unanimous,3-0,0,0
t1_p3xraqe,0,0.6302298903465271,0.533203125,1,1,0.6534160401564406,tagalog,comment,True,adjudicator,2-1,0,1
t1_p3xs87d,0,0.06325051933526993,-2.6953125,0,0,0.03896732997425984,english,comment,True,adjudicator,3-0,0,0
t1_p3xuma1,0,0.06705629080533981,-2.6328125,0,0,0.041848122926036804,taglish,comment,True,unanimous,3-0,0,0
t1_p3y6r7v,0,0.10447732359170914,-2.1484375,0,0,0.07209550186249786,taglish,comment,True,unanimous,3-0,0,0
t1_p3ybx75,0,0.41739019751548767,-0.33349609375,0,0,0.402130478937366,english,comment,True,adjudicator,2-1,0,0
t1_p3yjl5u,0,0.23792988061904907,-1.1640625,0,0,0.20031746135926515,tagalog,comment,True,majority,3-0,0,0
t1_p3ynuhx,0,0.18653921782970428,-1.47265625,0,0,0.14788415054710619,english,comment,True,majority,3-0,0,0
t1_p3yp6yt,0,0.5240293145179749,0.09619140625,1,1,0.528566732337986,tagalog,comment,True,adjudicator,2-1,0,1
t1_p3ywykd,0,0.21206879615783691,-1.3125,0,0,0.17352695748219568,english,comment,True,adjudicator,2-1,0,0
t1_p3yznzs,0,0.8469578623771667,1.7109375,1,1,0.8843882990722882,tagalog,comment,True,adjudicator,2-1,0,0
t1_p3z0rlz,0,0.21933749318122864,-1.26953125,0,0,0.1809779812323171,english,comment,True,adjudicator,2-1,0,0
t1_p3z200l,0,0.07107366621494293,-2.5703125,0,0,0.04493193106333012,tagalog,comment,True,majority,3-0,0,0
t1_p3z7948,0,0.03963883966207504,-3.1875,0,0,0.022083411147547253,taglish,comment,True,majority,3-0,0,0
t1_p3z7dpc,0,0.21535076200962067,-1.29296875,0,0,0.17688332312870622,taglish,comment,True,majority,3-0,0,0
t1_p3z7eou,0,0.0838903859257698,-2.390625,0,0,0.05504697741080492,tagalog,comment,True,adjudicator,2-1,0,0
t1_p3z7hln,0,0.2643583416938782,-1.0234375,0,0,0.22845087315163984,tagalog,comment,True,unanimous,3-0,0,0
t1_p3za0te,0,0.6433292627334595,0.58984375,1,1,0.6685083761265372,taglish,comment,True,adjudicator,2-1,0,0
t1_p3zb5sw,0,0.12896330654621124,-1.91015625,0,0,0.0935049322238215,taglish,comment,True,majority,3-0,0,0
t1_p3zck9z,1,0.5698526501655579,0.28125,1,1,0.5828452605633484,tagalog,comment,True,adjudicator,2-1,1,0
t1_p3zfmm6,0,0.10594828426837921,-2.1328125,0,0,0.07334847937341782,taglish,comment,True,majority,3-0,0,0
t1_p3zo2om,0,0.09807931631803513,-2.21875,0,0,0.06669803620588204,taglish,comment,True,majority,3-0,0,0
t1_p3zog7n,0,0.04569203034043312,-3.0390625,0,0,0.026235021877055197,taglish,comment,True,majority,3-0,0,0
t1_p3zq2x9,0,0.05184547230601311,-2.90625,0,0,0.030586480321749796,english,comment,True,majority,3-0,0,0
t1_p3zsw04,0,0.0753123015165329,-2.5078125,0,0,0.048231547295565495,taglish,comment,True,unanimous,3-0,0,0
t1_p3zvxdr,0,0.08819004148244858,-2.3359375,0,0,0.05852942388993353,taglish,comment,True,unanimous,3-0,0,0
t1_p3zxck1,0,0.04115288704633713,-3.1484375,0,0,0.023109195310905436,taglish,comment,True,majority,3-0,0,0
t1_p3zz7ts,0,0.0541987307369709,-2.859375,0,0,0.032283306749067146,taglish,comment,True,majority,3-0,0,0
t1_p3zzaks,0,0.056236349046230316,-2.8203125,0,0,0.03376652104915705,taglish,comment,True,majority,3-0,0,0
t1_p403hxf,0,0.11961366981267929,-1.99609375,0,0,0.08519494477629674,english,comment,True,majority,3-0,0,0
t1_p40efa2,0,0.05921025201678276,-2.765625,0,0,0.035953921674560914,taglish,comment,True,majority,3-0,0,0
t1_p40mjue,0,0.13568955659866333,-1.8515625,0,0,0.09958077837881381,taglish,comment,True,adjudicator,2-1,0,0
t1_p40nepi,0,0.06233103200793266,-2.7109375,0,0,0.03827740899962687,taglish,comment,True,majority,3-0,0,0
t1_p40phsy,0,0.1352320909500122,-1.85546875,0,0,0.09916503058377688,tagalog,comment,True,unanimous,3-0,0,0
t1_p40vxa0,0,0.36229208111763,-0.5654296875,0,0,0.3379567388139577,tagalog,comment,True,adjudicator,2-1,0,1
t1_p40w4c5,0,0.08945459872484207,-2.3203125,0,0,0.05956176492611232,taglish,comment,True,majority,3-0,0,0
t1_p41suvt,0,0.06804042309522629,-2.6171875,0,0,0.04259955248158732,english,comment,True,majority,3-0,0,0
t1_p4441wl,0,0.21535076200962067,-1.29296875,0,0,0.17688332312870622,english,comment,True,majority,3-0,0,0
t1_p44rmvn,0,0.4217899739742279,-0.3154296875,0,0,0.40730654828967305,english,comment,True,majority,3-0,0,0
t1_p451dv5,1,0.7793218493461609,1.26171875,1,1,0.8176408242568847,tagalog,comment,True,adjudicator,2-1,1,1
t1_p453ho3,0,0.15662017464637756,-1.68359375,0,0,0.11897824412101254,english,comment,True,majority,3-0,0,0
t1_p456qkl,0,0.2798284888267517,-0.9453125,0,0,0.24523817570812903,english,comment,True,adjudicator,2-1,0,0
t1_p457cku,0,0.4392662048339844,-0.244140625,0,0,0.4279221570240006,tagalog,comment,True,majority,3-0,0,0
t1_p45l9bf,0,0.0844927504658699,-2.3828125,0,0,0.05553225154825975,english,comment,True,majority,3-0,0,0
t1_p45u9v9,0,0.0384661927819252,-3.21875,0,0,0.02129494923941199,english,comment,True,majority,3-0,0,0
t1_p460bgg,0,0.7367795705795288,1.029296875,1,1,0.7727749913478511,tagalog,comment,True,adjudicator,2-1,0,1
t1_p46114s,0,0.060086652636528015,-2.75,0,0,0.036603557505059656,taglish,comment,True,majority,3-0,0,0
t1_p4617tr,0,0.1030244380235672,-2.1640625,0,0,0.07086229158137215,english,comment,True,majority,3-0,0,0
t1_p465g9d,0,0.2267836332321167,-1.2265625,0,0,0.1886759036904617,taglish,comment,True,adjudicator,2-1,0,0
t1_p467600,0,0.06097517907619476,-2.734375,0,0,0.03726447760073885,tagalog,comment,True,adjudicator,2-1,0,0
t1_p468emq,0,0.05964693799614906,-2.7578125,0,0,0.03627734018714017,taglish,comment,True,majority,3-0,0,0
t1_p469u4w,1,0.11676401644945145,-2.0234375,0,0,0.08269459119541198,taglish,comment,True,unanimous,3-0,1,1
t1_p46c1ys,0,0.33895182609558105,-0.66796875,0,0,0.3112347202219053,tagalog,comment,True,adjudicator,2-1,0,0
t1_p46f6fr,0,0.12635333836078644,-1.93359375,0,0,0.09116906514729324,tagalog,comment,True,majority,3-0,0,0
t1_p46fpdb,0,0.04115288704633713,-3.1484375,0,0,0.023109195310905436,taglish,comment,True,unanimous,3-0,0,0
t1_p46gwy2,0,0.04208773002028465,-3.125,0,0,0.023746845439739383,taglish,comment,True,majority,3-0,0,0
t1_p46i36k,0,0.0446808747947216,-3.0625,0,0,0.0255323066235167,taglish,comment,True,adjudicator,2-1,0,0
t1_p46ija3,0,0.1962094008922577,-1.41015625,0,0,0.1574973936728077,taglish,comment,True,majority,3-0,0,0
t1_p46j4uw,0,0.06705629080533981,-2.6328125,0,0,0.041848122926036804,taglish,comment,True,unanimous,3-0,0,0
t1_p46k54m,0,0.05223086103796959,-2.8984375,0,0,0.0308631624724487,taglish,comment,True,majority,3-0,0,0
t1_p46lrim,0,0.09009299427270889,-2.3125,0,0,0.06008430908186692,taglish,comment,True,majority,3-0,0,0
t1_p46zdqa,0,0.3544330894947052,-0.599609375,0,0,0.3289231034560843,taglish,comment,True,majority,3-0,0,0
t1_p47hvja,1,0.14903530478477478,-1.7421875,0,0,0.11186591410111141,taglish,comment,True,majority,3-0,1,1
t1_p47i2r2,0,0.31573596596717834,-0.7734375,0,0,0.28500325723545017,taglish,comment,True,majority,3-0,0,0
t1_p47sah4,0,0.053403329104185104,-2.875,0,0,0.03170782266449737,taglish,comment,True,majority,3-0,0,0
t1_p47w28i,0,0.11838509887456894,-2.0078125,0,0,0.08411507628305595,taglish,comment,True,adjudicator,2-1,0,1
t1_p48bcl6,0,0.09334688633680344,-2.2734375,0,0,0.06276196510726108,taglish,comment,True,unanimous,3-0,0,0
t1_p48edr7,0,0.1949802190065384,-1.41796875,0,0,0.15626851424771637,taglish,comment,True,majority,3-0,0,0
t1_p48uzbx,0,0.6062653660774231,0.431640625,1,1,0.6255821185917217,taglish,comment,True,majority,3-0,0,0
t1_p48vekj,0,0.09138210862874985,-2.296875,0,0,0.06114229408286271,taglish,comment,True,majority,3-0,0,0
t1_p4ax4kj,0,0.23022674024105072,-1.20703125,0,0,0.19225711949003618,taglish,comment,True,unanimous,3-0,0,0
t1_p4bbpyq,0,0.10743748396635056,-2.1171875,0,0,0.0746214816851354,english,comment,True,majority,3-0,0,0
t1_p4bi0wm,0,0.23370636999607086,-1.1875,0,0,0.19588989753197228,tagalog,comment,True,adjudicator,2-1,0,0
t1_p4biygx,0,0.2114168107509613,-1.31640625,0,0,0.17286175439538343,english,comment,True,majority,3-0,0,0
t1_p4bljcw,0,0.5440444946289062,0.1766357421875,1,1,0.552321875336683,taglish,comment,True,adjudicator,2-1,0,1
t1_p4bn67m,0,0.14608725905418396,-1.765625,0,0,0.10912658456855195,english,comment,True,unanimous,3-0,0,0
t1_p4bsnv1,0,0.700894832611084,0.8515625,1,1,0.7335451196758969,tagalog,comment,True,majority,3-0,0,0
t1_p4btc0n,0,0.2716379463672638,-0.986328125,0,0,0.23632245633414256,english,comment,True,majority,3-0,0,0
t1_p4cxm10,0,0.12549343705177307,-1.94140625,0,0,0.09040218312581255,taglish,comment,True,majority,3-0,0,0
t1_p4dgecm,0,0.3019792437553406,-0.837890625,0,0,0.2696447923118968,taglish,comment,True,majority,3-0,0,0
t1_p4dhebd,0,0.06954174488782883,-2.59375,0,0,0.043750912777153664,taglish,comment,True,majority,3-0,0,0
t1_p4dnfav,0,0.845432698726654,1.69921875,1,1,0.8829557510099374,tagalog,comment,True,adjudicator,2-1,0,0
t1_p4du5ih,0,0.11961366981267929,-1.99609375,0,0,0.08519494477629674,english,comment,True,majority,3-0,0,0
t1_p4dwqfb,1,0.609756588935852,0.4462890625,1,1,0.629653386736747,english,comment,True,adjudicator,2-1,1,1
t1_p4dyzc9,0,0.07055959850549698,-2.578125,0,0,0.044534920969878176,english,comment,True,majority,3-0,0,0
t1_p4e3pc6,0,0.19314739108085632,-1.4296875,0,0,0.15443985780521036,taglish,comment,True,majority,3-0,0,0
t1_p4e9crn,0,0.6526842713356018,0.630859375,1,1,0.6792271695787007,tagalog,comment,True,adjudicator,2-1,0,0
t1_p4ebxzn,0,0.04401864856481552,-3.078125,0,0,0.025074048086872917,taglish,comment,True,unanimous,3-0,0,0
t1_p4eease,0,0.04084571823477745,-3.15625,0,0,0.022900383378947134,taglish,comment,True,unanimous,3-0,0,0
t1_p4em7l7,0,0.07159119844436646,-2.5625,0,0,0.04533231241751324,english,comment,True,majority,3-0,0,0
t1_p4er23j,0,0.06705629080533981,-2.6328125,0,0,0.041848122926036804,english,comment,True,majority,3-0,0,0
t1_p4eskwg,0,0.0792103260755539,-2.453125,0,0,0.05130623818728736,taglish,comment,True,unanimous,3-0,0,0
t1_p4ewq7q,0,0.08093671500682831,-2.4296875,0,0,0.05267997036584241,english,comment,True,majority,3-0,0,0
t1_p4g9m05,0,0.07316472381353378,-2.5390625,0,0,0.046553940983649456,taglish,comment,True,majority,3-0,0,0
t1_p4g9s91,0,0.04742587357759476,-3.0,0,0,0.027448237421121728,taglish,comment,True,majority,3-0,0,0
t1_p4g9xex,0,0.05070536583662033,-2.9296875,0,0,0.029770772997443566,english,comment,True,majority,3-0,0,0
t1_p4gcvtp,0,0.06142404302954674,-2.7265625,0,0,0.03759922525176843,taglish,comment,True,majority,3-0,0,0
t1_p4gd9e2,0,0.046378206461668015,-3.0234375,0,0,0.02671391721377015,taglish,comment,True,unanimous,3-0,0,0
t1_p4gft2f,0,0.11318691074848175,-2.05859375,0,0,0.07957801855935821,taglish,comment,True,majority,3-0,0,0
t1_p4gftyg,0,0.07159119844436646,-2.5625,0,0,0.04533231241751324,taglish,comment,True,unanimous,3-0,0,0
t1_p4gj6sh,0,0.26626187562942505,-1.013671875,0,0,0.23050430741959332,english,comment,True,majority,3-0,0,0
t1_p4gw8oy,0,0.04958902671933174,-2.953125,0,0,0.02897616944174692,taglish,comment,True,unanimous,3-0,0,0
t1_p4i6qaq,0,0.17272931337356567,-1.56640625,0,0,0.1343791797235723,taglish,comment,True,adjudicator,2-1,0,0
t1_p4i7379,1,0.13028542697429657,-1.8984375,0,0,0.09469288431093284,tagalog,comment,True,adjudicator,2-1,1,1
t1_p4i7j69,0,0.6102211475372314,0.4482421875,1,1,0.6301948468867566,tagalog,comment,True,adjudicator,2-1,0,0
t1_p4i7qsg,1,0.09467770159244537,-2.2578125,0,0,0.06386389557786684,taglish,comment,True,unanimous,3-0,1,1
t1_p4iaido,0,0.16667540371418,-1.609375,0,0,0.128545559011782,english,comment,True,majority,3-0,0,0
t1_p4ibiuu,1,0.6684475541114807,0.701171875,1,1,0.6971659656338719,english,comment,True,majority,3-0,1,1
t1_p4icm2l,1,0.37937837839126587,-0.4921875,0,0,0.3577110191681595,tagalog,comment,True,adjudicator,2-1,1,1
t1_p4ie5zr,0,0.6992544531822205,0.84375,1,1,0.7317252584888873,tagalog,comment,True,majority,3-0,0,0
t1_p4inedd,0,0.7390459179878235,1.041015625,1,1,0.7752127638706695,tagalog,comment,True,majority,3-0,0,0
t1_p4j2qy3,0,0.2011847198009491,-1.37890625,0,0,0.16249158121330567,taglish,comment,True,majority,3-0,0,0
t1_p4j4bo5,0,0.17272931337356567,-1.56640625,0,0,0.1343791797235723,english,comment,True,adjudicator,2-1,0,0
t1_p4jun35,0,0.03594832494854927,-3.2890625,0,0,0.019620274501190547,taglish,comment,True,adjudicator,3-0,0,0
t1_p4klhcp,0,0.07211221009492874,-2.5546875,0,0,0.045736090655904414,english,comment,True,majority,3-0,0,0
t1_p4kpg8l,1,0.8278281688690186,1.5703125,1,1,0.8661602556710962,tagalog,comment,True,adjudicator,2-1,1,1
t1_p4l6vav,0,0.16451646387577057,-1.625,0,0,0.12647837269938303,english,comment,True,majority,3-0,0,0
t1_p4mavs0,0,0.28736767172813416,-0.908203125,0,0,0.25349814090073275,tagalog,comment,True,adjudicator,2-1,0,0
t1_p4mcm4v,1,0.8267117738723755,1.5625,1,1,0.8650795493776893,taglish,comment,True,majority,3-0,1,1
t1_p4mctow,0,0.7367795705795288,1.029296875,1,1,0.7727749913478511,tagalog,comment,True,adjudicator,2-1,0,0
t1_p4mdcaf,0,0.7405498027801514,1.048828125,1,1,0.7768275980730561,tagalog,comment,True,majority,3-0,0,0
t1_p4mdscq,0,0.16132023930549622,-1.6484375,0,0,0.12343094853505886,taglish,comment,True,majority,3-0,0,0
t1_p4mdvr0,0,0.6134681105613708,0.4619140625,1,1,0.6339758365983509,english,comment,True,adjudicator,2-1,0,0
t1_p4miji8,0,0.19314739108085632,-1.4296875,0,0,0.15443985780521036,tagalog,comment,True,adjudicator,2-1,0,0
t1_p4mkcna,1,0.1475551873445511,-1.75390625,0,0,0.11048881459154881,english,comment,True,majority,3-0,1,1
t1_p4mltiq,1,0.29219117760658264,-0.884765625,0,0,0.2588087002888397,taglish,comment,True,adjudicator,2-1,1,1
t1_p4mp9bw,0,0.09334688633680344,-2.2734375,0,0,0.06276196510726108,taglish,comment,True,adjudicator,2-1,0,0
t1_p4ms7si,0,0.20370754599571228,-1.36328125,0,0,0.1650361675608478,tagalog,comment,True,adjudicator,2-1,0,1
t1_p4mv2i7,0,0.04501553252339363,-3.0546875,0,0,0.02576448434555595,taglish,comment,True,unanimous,3-0,0,0
t1_p4n5bbj,0,0.1200256198644638,-1.9921875,0,0,0.08555768589386153,taglish,comment,True,majority,3-0,0,0
t1_p4n673n,0,0.04535258188843727,-3.046875,0,0,0.025998717043457367,taglish,comment,True,unanimous,3-0,0,0
t1_p4n6x5q,1,0.7045668363571167,0.869140625,1,1,0.7376109545728547,taglish,comment,True,majority,3-0,1,1
t1_p4n9a42,0,0.12378870695829391,-1.95703125,0,0,0.08888582912579047,english,comment,True,majority,3-0,0,0
t1_p4n9omu,0,0.053799647837877274,-2.8671875,0,0,0.03199431358709801,taglish,comment,True,unanimous,3-0,0,0
t1_p4nak5b,0,0.3923368453979492,-0.4375,0,0,0.3727872039093001,english,comment,True,majority,3-0,0,0
t1_p4nb10g,0,0.03541072830557823,-3.3046875,0,0,0.019266028317976698,taglish,comment,True,unanimous,3-0,0,0
t1_p4nb5o8,0,0.11357959359884262,-2.0546875,0,0,0.07991893336456696,english,comment,True,majority,3-0,0,0
t1_p4ncmm6,0,0.10521054267883301,-2.140625,0,0,0.07271950364676193,taglish,comment,True,majority,3-0,0,0
t1_p4ndcqd,0,0.07316472381353378,-2.5390625,0,0,0.046553940983649456,tagalog,comment,True,adjudicator,2-1,0,0
t1_p4ndhyz,0,0.1859472095966339,-1.4765625,0,0,0.14729972763490343,tagalog,comment,True,unanimous,3-0,0,0
t1_p4ne8td,0,0.6288633942604065,0.52734375,1,1,0.6518363576982966,tagalog,comment,True,adjudicator,2-1,0,0
t1_p4net0h,0,0.13296425342559814,-1.875,0,0,0.09710938910184348,english,comment,True,majority,3-0,0,0
t1_p4nfcdo,0,0.10017221421003342,-2.1953125,0,0,0.06845414922004703,taglish,comment,True,unanimous,3-0,0,0
t1_p4njhnu,0,0.2685575783252716,-1.001953125,0,0,0.23298544656661777,tagalog,comment,True,adjudicator,2-1,0,0
t1_p4nkkv3,0,0.1795305460691452,-1.51953125,0,0,0.1409965672362772,english,comment,True,unanimous,3-0,0,0
t1_p4nlhqb,0,0.35711899399757385,-0.587890625,0,0,0.3320065403234658,english,comment,True,unanimous,3-0,0,0
t1_p4nu0xc,1,0.49627500772476196,-0.01490020751953125,0,1,0.4955702577036617,english,comment,True,majority,3-0,1,1
t1_p4nubx1,1,0.14223189651966095,-1.796875,0,0,0.10556583301392405,taglish,comment,True,majority,3-0,1,1
t1_p4o3le5,0,0.06954174488782883,-2.59375,0,0,0.043750912777153664,taglish,comment,True,majority,3-0,0,0
t1_p4o65k5,0,0.18184363842010498,-1.50390625,0,0,0.1432621251584481,tagalog,comment,True,adjudicator,2-1,0,0
t1_p4olswb,1,0.06187598779797554,-2.71875,0,0,0.03793686145509509,taglish,comment,True,unanimous,3-0,1,1
t1_p4onbxw,0,0.12378870695829391,-1.95703125,0,0,0.08888582912579047,taglish,comment,True,majority,3-0,0,0
t1_p4p8bvr,0,0.2885690927505493,-0.90234375,0,0,0.25481900854609135,english,comment,True,majority,3-0,0,0
t1_p4pq6qr,0,0.21933749318122864,-1.26953125,0,0,0.1809779812323171,english,comment,True,majority,3-0,0,0
t1_p4pupu7,0,0.13072869181632996,-1.89453125,0,0,0.09509186188570753,taglish,comment,True,majority,3-0,0,0
t1_p4pzjeu,0,0.17272931337356567,-1.56640625,0,0,0.1343791797235723,english,comment,True,adjudicator,2-1,0,0
t1_p4q6ia8,1,0.28937169909477234,-0.8984375,0,0,0.2557020991475497,tagalog,comment,True,adjudicator,2-1,1,1
t1_p4q85h6,0,0.1761041283607483,-1.54296875,0,0,0.13765446011899501,taglish,comment,True,majority,3-0,0,0
t1_p4q8v9j,0,0.38745856285095215,-0.4580078125,0,0,0.3671027861797751,english,comment,True,adjudicator,2-1,0,1
t1_p4q9za0,0,0.7648915648460388,1.1796875,1,1,0.8026425259914381,english,comment,True,adjudicator,2-1,0,0
t1_p4qebjx,0,0.08694165199995041,-2.3515625,0,0,0.05751388141327214,english,comment,True,majority,3-0,0,0
t1_p4qem03,0,0.24328269064426422,-1.134765625,0,0,0.20595681220934212,english,comment,True,unanimous,3-0,0,0
t1_p4qfxr5,1,0.14033624529838562,-1.8125,0,0,0.1038241645434529,taglish,comment,True,adjudicator,2-1,1,0
t1_p4qgz5t,0,0.3195458948612213,-0.755859375,0,0,0.2892820799911976,english,comment,True,adjudicator,2-1,0,1
t1_p4qu5cn,0,0.09334688633680344,-2.2734375,0,0,0.06276196510726108,tagalog,comment,True,adjudicator,2-1,0,0
t1_p4qxjol,0,0.1155608743429184,-2.03515625,0,0,0.08164358687344586,english,comment,True,unanimous,3-0,0,0
t1_p4qzg0c,0,0.05184547230601311,-2.90625,0,0,0.030586480321749796,tagalog,comment,True,adjudicator,2-1,0,0
t1_p4r5wg2,1,0.4217899739742279,-0.3154296875,0,0,0.40730654828967305,taglish,comment,True,majority,3-0,1,1
t1_p4rcpu8,0,0.2509128153324127,-1.09375,0,0,0.21404802538476875,taglish,comment,True,unanimous,3-0,0,0
t1_p4rn3ty,0,0.18242552876472473,-1.5,0,0,0.14383323073851703,tagalog,comment,True,adjudicator,2-1,0,0
t1_p4rrt41,0,0.2186693549156189,-1.2734375,0,0,0.18029044603254593,taglish,comment,True,adjudicator,2-1,0,1
t1_p4rtcjc,0,0.07055959850549698,-2.578125,0,0,0.044534920969878176,taglish,comment,True,adjudicator,2-1,0,0
t1_p4rv6tw,1,0.2950267493724823,-0.87109375,0,0,0.26193976160280574,tagalog,comment,True,adjudicator,2-1,1,1
t1_p4rw6f0,0,0.14223189651966095,-1.796875,0,0,0.10556583301392405,english,comment,True,adjudicator,2-1,0,1
t1_p4ryfsy,1,0.37410444021224976,-0.5146484375,0,0,0.3515977294507495,english,comment,True,majority,3-0,1,1
t1_p4ryksa,0,0.3761647045612335,-0.505859375,0,0,0.3539842261558154,english,comment,True,majority,3-0,0,0
t1_p4s1e0i,0,0.04958902671933174,-2.953125,0,0,0.02897616944174692,taglish,comment,True,unanimous,3-0,0,0
t1_p4s8zys,0,0.1778108775615692,-1.53125,0,0,0.13931711428922144,tagalog,comment,True,adjudicator,2-1,0,1
t1_p4se7l8,1,0.6442250609397888,0.59375,1,1,0.6695369993896985,taglish,comment,True,unanimous,3-0,1,1
t1_p4sedm6,0,0.12896330654621124,-1.91015625,0,0,0.0935049322238215,taglish,comment,True,majority,3-0,0,0
t1_p4ssv2p,0,0.1672186702489853,-1.60546875,0,0,0.1290668359987849,tagalog,comment,True,unanimous,3-0,0,0
t1_p4st9rn,0,0.8413047790527344,1.66796875,1,1,0.8790601812863273,taglish,comment,True,majority,3-0,0,0
t1_p4stnfe,0,0.685528576374054,0.779296875,1,1,0.7164145291296425,tagalog,comment,True,adjudicator,2-1,0,1
t1_p4sty57,0,0.7094219326972961,0.892578125,1,1,0.7429695033925401,taglish,comment,True,majority,3-0,0,0
t1_p4suo52,0,0.35309353470802307,-0.60546875,0,0,0.3273868732326617,taglish,comment,True,majority,3-0,0,0
t1_p4sutzg,0,0.6951311230659485,0.82421875,1,1,0.7271413122140987,taglish,comment,True,adjudicator,2-1,0,1
t1_p4svbbp,0,0.6392857432365417,0.572265625,1,1,0.6638597342055548,taglish,comment,True,majority,3-0,0,0
t1_p4svza9,0,0.09877258539199829,-2.2109375,0,0,0.0672787089941717,tagalog,comment,True,adjudicator,2-1,0,0
t1_p4sx1e4,1,0.7981867790222168,1.375,1,1,0.8368752518377232,tagalog,comment,True,adjudicator,2-1,1,1
t1_p4sxwjj,0,0.2107662856578827,-1.3203125,0,0,0.17219857001349806,tagalog,comment,True,majority,3-0,0,0
t1_p4t3p3g,0,0.28140562772750854,-0.9375,0,0,0.24696191489567818,tagalog,comment,True,adjudicator,2-1,0,1
t1_p4t3t98,0,0.13706977665424347,-1.83984375,0,0,0.10083733555110562,taglish,comment,True,majority,3-0,0,0
t1_p4t4jul,0,0.05582314357161522,-2.828125,0,0,0.033464709621947385,taglish,comment,True,majority,3-0,0,0
t1_p4t4rfj,0,0.0792103260755539,-2.453125,0,0,0.05130623818728736,taglish,comment,True,unanimous,3-0,0,0
t1_p4t9ywx,0,0.07211221009492874,-2.5546875,0,0,0.045736090655904414,tagalog,comment,True,unanimous,3-0,0,0
t1_p4tc9d3,0,0.8563323616981506,1.78515625,1,1,0.8931110528351315,english,comment,True,adjudicator,2-1,0,1
t1_p4tccib,0,0.4464947283267975,-0.21484375,0,0,0.4364717734598959,english,comment,True,majority,3-0,0,0
t1_p4tdnbr,0,0.07585818320512772,-2.5,0,0,0.04865983298681335,taglish,comment,True,unanimous,3-0,0,0
t1_p4tdt5e,0,0.7205649614334106,0.947265625,1,1,0.7551914877673623,tagalog,comment,True,adjudicator,2-1,0,1
t1_p4teilx,0,0.23370636999607086,-1.1875,0,0,0.19588989753197228,tagalog,comment,True,adjudicator,2-1,0,0
t1_p4temin,0,0.4810119569301605,-0.07598876953125,0,1,0.47742376484804266,tagalog,comment,True,majority,3-0,0,0
t1_p4tg9di,0,0.8104788661003113,1.453125,1,1,0.8491649486902111,tagalog,comment,True,adjudicator,2-1,0,1
t1_p4tgfsj,0,0.7725306153297424,1.22265625,1,1,0.8106119715283204,taglish,comment,True,majority,3-0,0,0
t1_p4tglh0,0,0.8543993234634399,1.76953125,1,1,0.8913242066687976,tagalog,comment,True,adjudicator,2-1,0,0
t1_p4thbix,0,0.7690802216529846,1.203125,1,1,0.8070204540900269,tagalog,comment,True,adjudicator,2-1,0,0
t1_p4tmk6i,0,0.6535692811012268,0.634765625,1,1,0.6802384414992481,tagalog,comment,True,adjudicator,2-1,0,0
t1_p4to7sm,0,0.8587185740470886,1.8046875,1,1,0.8953081994957137,tagalog,comment,True,adjudicator,2-1,0,1
t1_p4tpsa6,0,0.19682621955871582,-1.40625,0,0,0.15811477417036096,english,comment,True,majority,3-0,0,0
t1_p4tqn1o,0,0.08819004148244858,-2.3359375,0,0,0.05852942388993353,taglish,comment,True,adjudicator,2-1,0,0
t1_p4ttar2,0,0.6706082820892334,0.7109375,1,1,0.6996122122608963,taglish,comment,True,unanimous,3-0,0,0
t1_p4ttzbi,0,0.24981309473514557,-1.099609375,0,0,0.2128781225420812,taglish,comment,True,majority,3-0,0,0
t1_p4tuflx,0,0.2735743820667267,-0.9765625,0,0,0.2384247800355444,tagalog,comment,True,majority,3-0,0,0
t1_p4u0btx,0,0.167763352394104,-1.6015625,0,0,0.12958991251933116,taglish,comment,True,unanimous,3-0,0,0
t1_p4u0xys,0,0.6428810358047485,0.587890625,1,1,0.6679934596765341,english,comment,True,adjudicator,2-1,0,0
t1_p4u1uis,1,0.7213507890701294,0.951171875,1,1,0.7560492873373771,english,comment,True,adjudicator,2-1,1,1
t1_p4u29jx,0,0.10894505679607391,-2.1015625,0,0,0.07591476764285741,english,comment,True,majority,3-0,0,0
t1_p4u40p6,0,0.1398656666278839,-1.81640625,0,0,0.10339273498164307,taglish,comment,True,majority,3-0,0,0
t1_p4u98p5,0,0.05541279539465904,-2.8359375,0,0,0.03316550324581615,taglish,comment,True,majority,3-0,0,0
t1_p4uf0vv,0,0.21011726558208466,-1.32421875,0,0,0.171537402284092,english,comment,True,adjudicator,2-1,0,1
t1_p4uka1g,0,0.19682621955871582,-1.40625,0,0,0.15811477417036096,tagalog,comment,True,adjudicator,2-1,0,1
t1_p4unzip,1,0.8006919622421265,1.390625,1,1,0.8393960359301679,english,comment,True,adjudicator,2-1,1,1
t1_p4ur86n,0,0.09670579433441162,-2.234375,0,0,0.06555062865186623,taglish,comment,True,unanimous,3-0,0,0
t1_p4ut050,1,0.677047073841095,0.740234375,1,1,0.7068827240128328,english,comment,True,majority,3-0,1,1
t1_p4v58lq,1,0.1465751975774765,-1.76171875,0,0,0.10957901582017822,tagalog,comment,True,adjudicator,2-1,1,1
t1_p4v5a4f,0,0.1716158092021942,-1.57421875,0,0,0.13330214090825515,taglish,comment,True,majority,3-0,0,0
t1_p4vjm7i,0,0.7885831594467163,1.31640625,1,1,0.8271382456046166,tagalog,comment,True,adjudicator,2-1,0,0
t1_p4vrwks,0,0.08269734680652618,-2.40625,0,0,0.05408838736301812,english,comment,True,majority,3-0,0,0
t1_p4wdp58,1,0.39466747641563416,-0.427734375,0,0,0.37550658859372943,english,comment,True,adjudicator,2-1,1,1
t1_p4ww4f9,0,0.07263670861721039,-2.546875,0,0,0.04614329154291316,taglish,comment,True,majority,3-0,0,0
t1_p4x1g48,0,0.06754669547080994,-2.625,0,0,0.04222223977520221,taglish,comment,True,majority,3-0,0,0
t1_p4x4fwa,0,0.1294027417898178,-1.90625,0,0,0.09389942365415749,taglish,comment,True,majority,3-0,0,0
t1_p4x4z0t,0,0.0753123015165329,-2.5078125,0,0,0.048231547295565495,taglish,comment,True,majority,3-0,0,0
t1_p4x583k,0,0.29178744554519653,-0.88671875,0,0,0.25836339966827593,tagalog,comment,True,adjudicator,2-1,0,0
t1_p4x6d9i,0,0.08882029354572296,-2.328125,0,0,0.05904347978298766,tagalog,comment,True,adjudicator,2-1,0,0
t1_p4x6g2g,0,0.5388011932373047,0.155517578125,1,1,0.5461043156747412,english,comment,True,majority,3-0,0,0
t1_p4x7qt6,0,0.19930799305438995,-1.390625,0,0,0.16060396406983207,english,comment,True,majority,3-0,0,0
t1_p4xaq6j,0,0.24077458679676056,-1.1484375,0,0,0.20331059778241506,taglish,comment,True,unanimous,3-0,0,0
t1_p4xc95l,0,0.053403329104185104,-2.875,0,0,0.03170782266449737,english,comment,True,majority,3-0,0,0
t1_p4xmofl,0,0.06804042309522629,-2.6171875,0,0,0.04259955248158732,english,comment,True,majority,3-0,0,0
t1_p4xru6b,0,0.5462540984153748,0.185546875,1,1,0.5549406838080285,taglish,comment,True,adjudicator,2-1,0,1
t1_p4xz1az,0,0.113973468542099,-2.05078125,0,0,0.0802611813044844,english,comment,True,majority,3-0,0,0
t1_p4y0tpn,0,0.44733956456184387,-0.21142578125,0,0,0.43747179414807413,taglish,comment,True,adjudicator,2-1,0,0
t1_p4y3klk,0,0.4373428225517273,-0.251953125,0,0,0.425649292342519,english,comment,True,unanimous,3-0,0,0
t1_p4y71lk,0,0.25832599401474,-1.0546875,0,0,0.2219667130547865,taglish,comment,True,unanimous,3-0,0,0
t1_p4y85sb,0,0.22270013391971588,-1.25,0,0,0.1844463016708196,english,comment,True,adjudicator,2-1,0,0
t1_p4ydghc,0,0.34687307476997375,-0.6328125,0,0,0.32026698337807363,english,comment,True,majority,3-0,0,0
t1_p4yivgr,1,0.18952110409736633,-1.453125,0,0,0.150835051309789,taglish,comment,True,majority,3-0,1,1
t1_p4yliu2,0,0.5822535157203674,0.33203125,1,1,0.5974506347735784,english,comment,True,unanimous,3-0,0,0
t1_p4yma05,0,0.08269734680652618,-2.40625,0,0,0.05408838736301812,english,comment,True,majority,3-0,0,0
t1_p4yz9vz,0,0.1550784707069397,-1.6953125,0,0,0.11752517586925505,english,comment,True,majority,3-0,0,0
t1_p4yzcc9,0,0.03541072830557823,-3.3046875,0,0,0.019266028317976698,taglish,comment,True,unanimous,3-0,0,0
t1_p4yzclk,0,0.13477592170238495,-1.859375,0,0,0.09875082816556968,tagalog,comment,True,unanimous,3-0,0,0
t1_p4z2m20,0,0.1661335527896881,-1.61328125,0,0,0.12802607788327547,taglish,comment,True,majority,3-0,0,0
t1_p4z4tuk,1,0.06512754410505295,-2.6640625,0,0,0.04038312642469323,taglish,comment,True,unanimous,3-0,1,1
t1_p4zakm8,0,0.5947866439819336,0.3837890625,1,1,0.6121609214210225,taglish,comment,True,majority,3-0,0,0
t1_p4zc7k9,1,0.7853085398674011,1.296875,1,1,0.8237920031690825,taglish,comment,True,majority,3-0,1,1
t1_p4zdcfd,0,0.6078959703445435,0.4384765625,1,1,0.6274842957216569,tagalog,comment,True,adjudicator,2-1,0,0
t1_p4zdtln,0,0.18892180919647217,-1.45703125,0,0,0.15024102286984511,tagalog,comment,True,adjudicator,2-1,0,0
t1_p4zepu0,0,0.2802222669124603,-0.943359375,0,0,0.2456683479720021,taglish,comment,True,majority,3-0,0,0
t1_p4zexhl,0,0.2743513882160187,-0.97265625,0,0,0.23926929817368917,english,comment,True,adjudicator,2-1,0,0
t1_p4zflgz,0,0.8175745010375977,1.5,1,1,0.8561667692614829,tagalog,comment,True,adjudicator,2-1,0,1
t1_p4zfyyb,0,0.5173880457878113,0.069580078125,1,1,0.5206744862419354,tagalog,comment,True,adjudicator,2-1,0,0
t1_p4zg2ok,0,0.08819004148244858,-2.3359375,0,0,0.05852942388993353,tagalog,comment,True,majority,3-0,0,0
t1_p4zgbjx,0,0.02779562398791313,-3.5546875,0,0,0.014382450271032101,taglish,comment,True,unanimous,3-0,0,0
t1_p4zgcif,0,0.3464307188987732,-0.634765625,0,0,0.31976155850075194,tagalog,comment,True,adjudicator,2-1,0,1
t1_p4zgmjx,0,0.5247600078582764,0.09912109375,1,1,0.529434803217647,tagalog,comment,True,adjudicator,2-1,0,0
t1_p4zh708,0,0.07316472381353378,-2.5390625,0,0,0.046553940983649456,taglish,comment,True,majority,3-0,0,0
t1_p4zhckl,0,0.572125256061554,0.29052734375,1,1,0.5855252336433355,tagalog,comment,True,adjudicator,2-1,0,0
t1_p4zjnbk,0,0.5483106970787048,0.19384765625,1,1,0.5573773830814666,tagalog,comment,True,adjudicator,2-1,0,1
t1_p4zjxvl,0,0.8158201575279236,1.48828125,1,1,0.8544420820766844,tagalog,comment,True,adjudicator,2-1,0,1
t1_p4zk9ge,0,0.3654567003250122,-0.5517578125,0,0,0.34160401938262347,english,comment,True,majority,3-0,0,0
t1_p4zl5en,1,0.6606104373931885,0.666015625,1,1,0.6882671562194924,tagalog,comment,True,majority,3-0,1,1
t1_p4zm16c,0,0.3949008285999298,-0.4267578125,0,0,0.3757789626320959,tagalog,comment,True,adjudicator,2-1,0,1
t1_p4zmo02,1,0.22884514927864075,-1.21484375,0,0,0.1908184532684904,tagalog,comment,True,majority,3-0,1,1
t1_p4zmr6q,0,0.26779094338417053,-1.005859375,0,0,0.2321563391537088,taglish,comment,True,unanimous,3-0,0,0
t1_p4zngjr,0,0.15102779865264893,-1.7265625,0,0,0.11372536519277993,english,comment,True,majority,3-0,0,0
t1_p4znx78,0,0.1859472095966339,-1.4765625,0,0,0.14729972763490343,tagalog,comment,True,adjudicator,2-1,0,1
t1_p4zof9p,0,0.7348812818527222,1.01953125,1,1,0.7707293015052112,taglish,comment,True,adjudicator,2-1,0,0
t1_p4zofxi,0,0.6976089477539062,0.8359375,1,1,0.7298975445472676,tagalog,comment,True,adjudicator,2-1,0,0
t1_p4zs2z6,0,0.6905590891838074,0.802734375,1,1,0.7220428317696416,tagalog,comment,True,adjudicator,2-1,0,0
t1_p4zs8xq,0,0.760650634765625,1.15625,1,1,0.798190116475637,tagalog,comment,True,majority,3-0,0,0
t1_p4zstxo,1,0.4277552366256714,-0.291015625,0,0,0.41433385380521126,taglish,comment,True,adjudicator,2-1,1,1
t1_p4zszjj,0,0.5036467909812927,0.01458740234375,1,1,0.504336751908437,tagalog,comment,True,adjudicator,2-1,0,0
t1_p4zt3ub,0,0.6055657863616943,0.4287109375,1,1,0.6247657066971358,tagalog,comment,True,adjudicator,2-1,0,0
t1_p4ztq57,0,0.22202469408512115,-1.25390625,0,0,0.1837485464084397,english,comment,True,adjudicator,2-1,0,0
t1_p4zucjx,0,0.06052939593791962,-2.7421875,0,0,0.03693259585415982,taglish,comment,True,majority,3-0,0,0
t1_p4zuz5g,0,0.4132404029369354,-0.3505859375,0,0,0.39725417117842576,tagalog,comment,True,unanimous,3-0,0,0
t1_p4zvjts,1,0.31742629408836365,-0.765625,0,0,0.2869002542263023,english,comment,True,adjudicator,2-1,1,1
t1_p4zw01z,1,0.8187368512153625,1.5078125,1,1,0.8573070907198489,taglish,comment,True,majority,3-0,1,1
t1_p4zw37q,1,0.5300540328025818,0.120361328125,1,1,0.5357226687484122,taglish,comment,True,majority,3-0,1,1
t1_p4zw3pr,0,0.33545970916748047,-0.68359375,0,0,0.30726551339600494,english,comment,True,adjudicator,2-1,0,0
t1_p4zw6fh,1,0.5943158864974976,0.3818359375,1,1,0.6116093297940426,taglish,comment,True,adjudicator,2-1,1,0
t1_p4zwasv,0,0.4599856734275818,-0.160400390625,0,0,0.45245674746378806,tagalog,comment,True,adjudicator,2-1,0,1
t1_p4zwdd5,0,0.48712441325187683,-0.051513671875,0,1,0.48468968151969305,taglish,comment,True,majority,3-0,0,0
t1_p4zwijb,0,0.43254271149635315,-0.271484375,0,0,0.41998105824491927,tagalog,comment,True,adjudicator,2-1,0,0
t1_p4zwlf0,0,0.8701565861701965,1.90234375,1,1,0.9057045937083282,tagalog,comment,True,adjudicator,2-1,0,0
t1_p4zwm5y,0,0.3652302324771881,-0.552734375,0,0,0.3413428707507442,taglish,comment,True,unanimous,3-0,0,0
t1_p4zwr1x,0,0.2782568037509918,-0.953125,0,0,0.24352257706765085,tagalog,comment,True,adjudicator,2-1,0,0
t1_p4zwu5w,0,0.8140527606010437,1.4765625,1,1,0.8527002723650966,tagalog,comment,True,adjudicator,2-1,0,0
t1_p4zwuaf,0,0.6258955001831055,0.5146484375,1,1,0.6484022705492505,tagalog,comment,True,adjudicator,2-1,0,1
t1_p4zwveo,0,0.8198933005332947,1.515625,1,1,0.8584398664000145,tagalog,comment,True,unanimous,3-0,0,0
t1_p4zx41q,1,0.227469339966774,-1.22265625,0,0,0.18938802847167951,english,comment,True,adjudicator,2-1,1,1
t1_p4zx4em,0,0.5674573183059692,0.271484375,1,1,0.5800189417550807,taglish,comment,True,unanimous,3-0,0,0
t1_p4zx6dq,0,0.8305941224098206,1.58984375,1,1,0.8688300241717867,tagalog,comment,True,adjudicator,2-1,0,1
t1_p4zxhpb,0,0.18653921782970428,-1.47265625,0,0,0.14788415054710619,tagalog,comment,True,adjudicator,2-1,0,0
t1_p4zxlji,0,0.2995148301124573,-0.849609375,0,0,0.26690910790364114,english,comment,True,adjudicator,2-1,0,1
t1_p4zxlkg,0,0.1749734729528427,-1.55078125,0,0,0.13655531140694618,english,comment,True,adjudicator,2-1,0,0
t1_p4zxny7,0,0.3363310694694519,-0.6796875,0,0,0.3082551742343961,taglish,comment,True,adjudicator,2-1,0,0
t1_p4zxpkq,0,0.6601723432540894,0.6640625,1,1,0.6877685968290709,taglish,comment,True,majority,3-0,0,0
t1_p4zy707,0,0.2186693549156189,-1.2734375,0,0,0.18029044603254593,tagalog,comment,True,adjudicator,2-1,0,1
t1_p4zy9tx,0,0.5366771817207336,0.14697265625,1,1,0.5435843360340222,tagalog,comment,True,adjudicator,2-1,0,0
t1_p4zyi5d,0,0.5464961528778076,0.1865234375,1,1,0.5552274937791002,taglish,comment,True,unanimous,3-0,0,0
t1_p4zyqfc,0,0.15713684260845184,-1.6796875,0,0,0.11946604245344365,tagalog,comment,True,adjudicator,2-1,0,1
t1_p4zywyn,0,0.36161550879478455,-0.568359375,0,0,0.3371776612062967,tagalog,comment,True,adjudicator,2-1,0,1
t1_p4zyz1y,0,0.7655933499336243,1.18359375,1,1,0.8033773483490483,tagalog,comment,True,adjudicator,2-1,0,1
t1_p4zz5m8,0,0.5544704794883728,0.21875,1,1,0.5646704746406073,taglish,comment,True,adjudicator,2-1,0,1
t1_p4zz6we,1,0.3584653437137604,-0.58203125,0,0,0.3335536979310202,taglish,comment,True,majority,3-0,1,1
t1_p4zz7jm,0,0.11201595515012741,-2.0703125,0,0,0.07856323179659935,tagalog,comment,True,majority,3-0,0,0
t1_p4zzikk,0,0.766992449760437,1.19140625,1,1,0.8048407891952867,tagalog,comment,True,adjudicator,2-1,0,0
t1_p4zzjgs,0,0.41584742069244385,-0.33984375,0,0,0.4003169624374649,tagalog,comment,True,adjudicator,2-1,0,1
t1_p4zzw7a,0,0.3904758393764496,-0.4453125,0,0,0.37061746574027266,tagalog,comment,True,adjudicator,2-1,0,0
t1_p500gza,0,0.2351084202528,-1.1796875,0,0,0.1973574740085618,english,comment,True,majority,3-0,0,0
t1_p500nuq,0,0.703345775604248,0.86328125,1,1,0.7362601275598487,english,comment,True,unanimous,3-0,0,0
t1_p5016gw,0,0.13568955659866333,-1.8515625,0,0,0.09958077837881381,tagalog,comment,True,adjudicator,2-1,0,1
t1_p501fes,0,0.44613268971443176,-0.21630859375,0,0,0.43604335076383055,english,comment,True,majority,3-0,0,0
t1_p501kyt,0,0.188323974609375,-1.4609375,0,0,0.1496489215900683,tagalog,comment,True,adjudicator,2-1,0,0
t1_p501l48,1,0.6210813522338867,0.494140625,1,1,0.6428224466856776,taglish,comment,True,majority,3-0,1,1
t1_p501ntx,0,0.814643383026123,1.48046875,1,1,0.8532827833613009,english,comment,True,majority,3-0,0,0
t1_p501rgp,0,0.1672186702489853,-1.60546875,0,0,0.1290668359987849,taglish,comment,True,majority,3-0,0,0
t1_p501scw,0,0.13568955659866333,-1.8515625,0,0,0.09958077837881381,taglish,comment,True,majority,3-0,0,0
t1_p501svf,0,0.7905303239822388,1.328125,1,1,0.8291217508762039,taglish,comment,True,unanimous,3-0,0,0
t1_p502m5t,0,0.42536652088165283,-0.30078125,0,0,0.41151857536694453,tagalog,comment,True,adjudicator,2-1,0,1
t1_p5034yw,1,0.12294380366802216,-1.96484375,0,0,0.08813629034936597,taglish,comment,True,majority,3-0,1,1
t1_p503bad,0,0.314050555229187,-0.78125,0,0,0.28311382345716074,taglish,comment,True,majority,3-0,0,0
t1_p50493j,0,0.3791484832763672,-0.4931640625,0,0,0.35744424208227576,tagalog,comment,True,adjudicator,2-1,0,0
t1_p504d3m,0,0.23091977834701538,-1.203125,0,0,0.19297954590997313,tagalog,comment,True,adjudicator,2-1,0,0
t1_p504u40,0,0.16079242527484894,-1.65234375,0,0,0.12292922103031796,tagalog,comment,True,adjudicator,2-1,0,1
t1_p505gfw,0,0.04603390395641327,-3.03125,0,0,0.026473416130691544,taglish,comment,True,majority,3-0,0,0
t1_p506evv,1,0.2670257091522217,-1.009765625,0,0,0.23132929236547237,taglish,comment,True,adjudicator,2-1,1,1
t1_p506jlc,1,0.5952572822570801,0.3857421875,1,1,0.6127122257295968,taglish,comment,True,majority,3-0,1,1
t1_p5078hw,0,0.6176279783248901,0.4794921875,1,1,0.6388129039989466,tagalog,comment,True,adjudicator,2-1,0,1
t1_p5081z2,0,0.7956580519676208,1.359375,1,1,0.8343227116747831,english,comment,True,adjudicator,3-0,0,1
t1_p508dcb,0,0.486590713262558,-0.05364990234375,0,1,0.48405519691022514,tagalog,comment,True,adjudicator,2-1,0,0
t1_p50933h,1,0.34554681181907654,-0.638671875,0,0,0.3187519785735547,english,comment,True,adjudicator,2-1,1,1
t1_p509n2f,0,0.19253934919834137,-1.43359375,0,0,0.15383420454378288,taglish,comment,True,majority,3-0,0,0
t1_p509nl2,0,0.11920293420553207,-2.0,0,0,0.08483359890713962,tagalog,comment,True,majority,3-0,0,0
t1_p509rh2,0,0.21601152420043945,-1.2890625,0,0,0.17756067978225853,taglish,comment,True,adjudicator,2-1,0,0
t1_p50a60d,0,0.34554681181907654,-0.638671875,0,0,0.3187519785735547,english,comment,True,majority,3-0,0,0
t1_p50dcbg,0,0.3796083331108093,-0.4912109375,0,0,0.3579778844358622,tagalog,comment,True,adjudicator,2-1,0,0
t1_p50dmbc,0,0.3015676736831665,-0.83984375,0,0,0.2691876186443623,english,comment,True,adjudicator,2-1,0,0
t1_p50drni,0,0.3763938844203949,-0.5048828125,0,0,0.35424984456827197,tagalog,comment,True,adjudicator,2-1,0,1
t1_p50e58a,0,0.328529417514801,-0.71484375,0,0,0.2994124525634318,english,comment,True,adjudicator,2-1,0,1
t1_p50eau6,0,0.2869678735733032,-0.91015625,0,0,0.25305885786273724,english,comment,True,majority,3-0,0,0
t1_p50eccg,0,0.408040851354599,-0.3720703125,0,0,0.39115289376477036,english,comment,True,majority,3-0,0,0
t1_p50eikf,0,0.8783142566680908,1.9765625,1,1,0.9129773139205198,taglish,comment,True,majority,3-0,0,0
t1_p50eivj,0,0.05460060387849808,-2.8515625,0,0,0.032574822439776274,taglish,comment,True,majority,3-0,0,0
t1_p50eju2,0,0.7512834072113037,1.10546875,1,1,0.7882871084913279,tagalog,comment,True,majority,3-0,0,0
t1_p50es34,0,0.22953519225120544,-1.2109375,0,0,0.19153675563666225,tagalog,comment,True,adjudicator,2-1,0,1
t1_p50eyio,0,0.4288312792778015,-0.28662109375,0,0,0.41560256882450586,english,comment,True,adjudicator,2-1,0,0
t1_p50f0y7,0,0.06233103200793266,-2.7109375,0,0,0.03827740899962687,taglish,comment,True,unanimous,3-0,0,0
t1_p50f9f1,0,0.18952110409736633,-1.453125,0,0,0.150835051309789,english,comment,True,majority,3-0,0,0
t1_p50fbrs,0,0.6876299977302551,0.7890625,1,1,0.7187680111937637,tagalog,comment,True,adjudicator,2-1,0,0
t1_p50fdri,0,0.14608725905418396,-1.765625,0,0,0.10912658456855195,english,comment,True,majority,3-0,0,0
t1_p50fvmc,0,0.38144996762275696,-0.4833984375,0,0,0.3601159647207455,english,comment,True,adjudicator,2-1,0,0
t1_p50g6ky,0,0.3459886312484741,-0.63671875,0,0,0.31925655662268637,english,comment,True,adjudicator,2-1,0,0
t1_p50hd5d,0,0.08882029354572296,-2.328125,0,0,0.05904347978298766,taglish,comment,True,majority,3-0,0,0
t1_p50hh2s,0,0.36206650733947754,-0.56640625,0,0,0.3376969483217473,tagalog,comment,True,adjudicator,2-1,0,0
t1_p50hkzl,1,0.4070976972579956,-0.3759765625,0,0,0.3900471563395078,english,comment,True,adjudicator,2-1,1,0
t1_p50hq64,1,0.5089559555053711,0.03582763671875,1,1,0.5106500090827251,taglish,comment,True,majority,3-0,1,1
t1_p50i3ky,0,0.8305941224098206,1.58984375,1,1,0.8688300241717867,taglish,comment,True,majority,3-0,0,0
t1_p50i4kx,0,0.24077458679676056,-1.1484375,0,0,0.20331059778241506,tagalog,comment,True,adjudicator,3-0,0,0
t1_p50iizm,0,0.08570928126573563,-2.3671875,0,0,0.05651490184896655,taglish,comment,True,majority,3-0,0,0
t1_p50iukl,0,0.4656911790370941,-0.137451171875,0,0,0.4592262660884523,tagalog,comment,True,adjudicator,3-0,0,0
t1_p50iuzs,0,0.4420342743396759,-0.23291015625,0,0,0.43119471302356416,english,comment,True,majority,3-0,0,0
t1_p50izq3,0,0.07316472381353378,-2.5390625,0,0,0.046553940983649456,taglish,comment,True,majority,3-0,0,0
t1_p50j0ac,0,0.1225232183933258,-1.96875,0,0,0.08776366591099591,taglish,comment,True,unanimous,3-0,0,0
t1_p50ja7r,0,0.22884514927864075,-1.21484375,0,0,0.1908184532684904,english,comment,True,majority,3-0,0,0
t1_p50jafa,0,0.09138210862874985,-2.296875,0,0,0.06114229408286271,taglish,comment,True,majority,3-0,0,0
t1_p50jnmn,0,0.6236060857772827,0.5048828125,1,1,0.645750155431728,english,comment,True,adjudicator,2-1,0,1
t1_p50jpev,0,0.2024431973695755,-1.37109375,0,0,0.16375989989982115,tagalog,comment,True,adjudicator,2-1,0,1
t1_p50jzos,1,0.4258439540863037,-0.298828125,0,0,0.4120811741746136,tagalog,comment,True,adjudicator,2-1,1,1
t1_p50k72z,0,0.2995148301124573,-0.849609375,0,0,0.26690910790364114,english,comment,True,majority,3-0,0,0
t1_p50kade,0,0.11201595515012741,-2.0703125,0,0,0.07856323179659935,taglish,comment,True,unanimous,3-0,0,0
t1_p50kr51,0,0.4016878604888916,-0.3984375,0,0,0.38371138649839137,english,comment,True,majority,3-0,0,0
t1_p50l1o4,1,0.7264255881309509,0.9765625,1,1,0.7615752199644555,tagalog,comment,True,majority,3-0,1,1
t1_p50l9c6,0,0.5222631096839905,0.089111328125,1,1,0.5264681911164591,english,comment,True,majority,3-0,0,0
t1_p50lenz,0,0.48498988151550293,-0.06005859375,0,1,0.48215205964044683,english,comment,True,unanimous,3-0,0,0
t1_p50lr03,0,0.11879339814186096,-2.00390625,0,0,0.08447364412812908,taglish,comment,True,majority,3-0,0,0
t1_p50lrue,0,0.1672186702489853,-1.60546875,0,0,0.1290668359987849,english,comment,True,adjudicator,2-1,0,0
t1_p50lrxl,0,0.47831565141677856,-0.0867919921875,0,0,0.47421946907081824,tagalog,comment,True,unanimous,3-0,0,0
t1_p50lvlh,0,0.24148938059806824,-1.14453125,0,0,0.20406406572014105,tagalog,comment,True,adjudicator,2-1,0,0
t1_p50lw40,1,0.5483106970787048,0.19384765625,1,1,0.5573773830814666,english,comment,True,adjudicator,2-1,1,1
t1_p50lxlv,0,0.37868884205818176,-0.4951171875,0,0,0.35691095300020154,tagalog,comment,True,adjudicator,2-1,0,1
t1_p50m2oj,1,0.22000709176063538,-1.265625,0,0,0.181667557260213,english,comment,True,adjudicator,2-1,1,1
t1_p50ma7a,1,0.7333563566207886,1.01171875,1,1,0.7690834579118943,tagalog,comment,True,adjudicator,2-1,1,1
t1_p50mbf4,0,0.20561502873897552,-1.3515625,0,0,0.1669655156135423,tagalog,comment,True,adjudicator,2-1,0,0
t1_p50mcal,0,0.18184363842010498,-1.50390625,0,0,0.1432621251584481,tagalog,comment,True,majority,3-0,0,0
t1_p50mpx7,0,0.31111282110214233,-0.794921875,0,0,0.2798256208192962,tagalog,comment,True,majority,3-0,0,0
t1_p50n0sd,0,0.2018132209777832,-1.375,0,0,0.16312474816227693,english,comment,True,unanimous,3-0,0,0
t1_p50np0m,0,0.6500230431556702,0.619140625,1,1,0.6761832689654729,tagalog,comment,True,adjudicator,2-1,0,1
t1_p50nzwd,0,0.7570766806602478,1.13671875,1,1,0.7944227746080158,taglish,comment,True,majority,3-0,0,0
t1_p50o20n,0,0.40851274132728577,-0.3701171875,0,0,0.39170618265113627,tagalog,comment,True,majority,3-0,0,0
t1_p50o4cl,0,0.08151976019144058,-2.421875,0,0,0.05314555140233081,taglish,comment,True,adjudicator,2-1,0,0
t1_p50oacc,0,0.4804481863975525,-0.0782470703125,0,1,0.4767537778404559,english,comment,True,majority,3-0,0,0
t1_p50oull,0,0.05749328061938286,-2.796875,0,0,0.03468779606360686,taglish,comment,True,majority,3-0,0,0
t1_p50pzlk,0,0.14511536061763763,-1.7734375,0,0,0.10822663804439493,english,comment,True,adjudicator,2-1,0,0
t1_p50q1a9,1,0.2575782835483551,-1.05859375,0,0,0.22116551068081566,tagalog,comment,True,majority,3-0,1,1
t1_p50q6im,0,0.5660185217857361,0.265625,1,1,0.5783206154633476,taglish,comment,True,majority,3-0,0,0
t1_p50qk1g,0,0.14608725905418396,-1.765625,0,0,0.10912658456855195,taglish,comment,True,unanimous,3-0,0,0
t1_p50ql5h,0,0.368632972240448,-0.5380859375,0,0,0.3452701338052295,tagalog,comment,True,adjudicator,2-1,0,0
t1_p50qob0,0,0.44589143991470337,-0.21728515625,0,0,0.4357577886242835,taglish,comment,True,majority,3-0,0,0
t1_p50qzrv,1,0.7813306450843811,1.2734375,1,1,0.8197095539674542,tagalog,comment,True,adjudicator,2-1,1,0
t1_p50rj6u,0,0.5180890560150146,0.0723876953125,1,1,0.521507710401041,tagalog,comment,True,adjudicator,2-1,0,0
t1_p50rx3u,0,0.29624688625335693,-0.865234375,0,0,0.2632891012404047,tagalog,comment,True,majority,3-0,0,0
t1_p50s65k,1,0.224735289812088,-1.23828125,0,0,0.18655186491459871,english,comment,True,adjudicator,2-1,1,1
t1_p50sale,0,0.11879339814186096,-2.00390625,0,0,0.08447364412812908,tagalog,comment,True,adjudicator,3-0,0,0
t1_p50sr4b,0,0.19930799305438995,-1.390625,0,0,0.16060396406983207,taglish,comment,True,adjudicator,2-1,0,0
t1_p50ss8o,0,0.3132096529006958,-0.78515625,0,0,0.28217195403290746,taglish,comment,True,majority,3-0,0,0
t1_p50stit,0,0.47883346676826477,-0.084716796875,0,0,0.4748348269537877,english,comment,True,unanimous,3-0,0,0
t1_p50sx7y,0,0.14128142595291138,-1.8046875,0,0,0.1046918005042863,taglish,comment,True,majority,3-0,0,0
t1_p50t6p6,1,0.3763938844203949,-0.5048828125,0,0,0.35424984456827197,english,comment,True,adjudicator,2-1,1,1
t1_p50tbuu,0,0.8333246111869812,1.609375,1,1,0.871454440988218,tagalog,comment,True,adjudicator,2-1,0,0
t1_p50tfzy,1,0.6504672765731812,0.62109375,1,1,0.6766916312982546,taglish,comment,True,unanimous,3-0,1,1
t1_p50tgfh,0,0.26664361357688904,-1.01171875,0,0,0.23091654208810578,taglish,comment,True,majority,3-0,0,0
t1_p50tgm1,0,0.3775406777858734,-0.5,0,0,0.3555792829789916,tagalog,comment,True,adjudicator,2-1,0,0
t1_p50tmxr,0,0.2747403681278229,-0.970703125,0,0,0.2396923254265264,taglish,comment,True,majority,3-0,0,0
t1_p50tpwv,0,0.3974705934524536,-0.416015625,0,0,0.37878023146943907,tagalog,comment,True,adjudicator,2-1,0,1
t1_p50ttd5,0,0.2849738299846649,-0.919921875,0,0,0.2508700032962189,english,comment,True,adjudicator,2-1,0,1
t1_p50tzmc,0,0.45834869146347046,-0.1669921875,0,0,0.45051544697149837,english,comment,True,unanimous,3-0,0,0
t1_p50uvzx,0,0.48450201749801636,-0.06201171875,0,1,0.48157215628854694,english,comment,True,adjudicator,2-1,0,1
t1_p50uw6y,0,0.2913839519023895,-0.888671875,0,0,0.25791859861003885,english,comment,True,majority,3-0,0,0
t1_p50v04u,1,0.48724642395973206,-0.051025390625,0,1,0.4848347135772696,taglish,comment,True,majority,3-0,1,1
t1_p50vbc4,0,0.1778108775615692,-1.53125,0,0,0.13931711428922144,english,comment,True,majority,3-0,0,0
t1_p50vpbc,0,0.09138210862874985,-2.296875,0,0,0.06114229408286271,taglish,comment,True,majority,3-0,0,0
t1_p50vq6u,0,0.08945459872484207,-2.3203125,0,0,0.05956176492611232,taglish,comment,True,majority,3-0,0,0
t1_p50vqmi,0,0.30445513129234314,-0.826171875,0,0,0.2723980973810203,tagalog,comment,True,adjudicator,2-1,0,1
t1_p50w0db,1,0.15921740233898163,-1.6640625,0,0,0.12143455080268824,english,comment,True,adjudicator,2-1,1,0
t1_p50w54e,1,0.8134608268737793,1.47265625,1,1,0.8521158494528938,english,comment,True,adjudicator,2-1,1,1
t1_p50wfiv,0,0.11436852067708969,-2.046875,0,0,0.080604766499777,tagalog,comment,True,adjudicator,2-1,0,0
t1_p50x1v7,0,0.14706452190876007,-1.7578125,0,0,0.11003309114391857,english,comment,True,adjudicator,2-1,0,1
t1_p50x2qf,0,0.113973468542099,-2.05078125,0,0,0.0802611813044844,english,comment,True,unanimous,3-0,0,0
t1_p50xc5h,0,0.20370754599571228,-1.36328125,0,0,0.1650361675608478,english,comment,True,unanimous,3-0,0,0
t1_p50ywrp,0,0.1705079972743988,-1.58203125,0,0,0.13223241579172082,taglish,comment,True,majority,3-0,0,0
t1_p50z82d,1,0.12721826136112213,-1.92578125,0,0,0.09194179506186882,english,comment,True,majority,3-0,1,1
t1_p50zbcj,0,0.15456733107566833,-1.69921875,0,0,0.1170442489900627,tagalog,comment,True,adjudicator,2-1,0,1
t1_p50zvx1,0,0.1398656666278839,-1.81640625,0,0,0.10339273498164307,taglish,comment,True,unanimous,3-0,0,0
t1_p50zy7x,0,0.15052762627601624,-1.73046875,0,0,0.11325799197256432,tagalog,comment,True,majority,3-0,0,0
t1_p5104ys,0,0.2443629950284958,-1.12890625,0,0,0.20709868586752167,english,comment,True,unanimous,3-0,0,0
t1_p510ngs,0,0.14080817997455597,-1.80859375,0,0,0.10425718501166209,english,comment,True,adjudicator,2-1,0,0
t1_p510rod,0,0.08945459872484207,-2.3203125,0,0,0.05956176492611232,taglish,comment,True,majority,3-0,0,0
t1_p510wd0,1,0.7390459179878235,1.041015625,1,1,0.7752127638706695,english,comment,True,adjudicator,2-1,1,1
t1_p510zkq,0,0.6825737357139587,0.765625,1,1,0.7130997457736977,tagalog,comment,True,adjudicator,2-1,0,1
t1_p510zrc,0,0.06278920918703079,-2.703125,0,0,0.03862089081550496,taglish,comment,True,majority,3-0,0,0
t1_p5116jv,0,0.23161423206329346,-1.19921875,0,0,0.1937040359393995,english,comment,True,adjudicator,2-1,0,1
t1_p511am0,0,0.07585818320512772,-2.5,0,0,0.04865983298681335,taglish,comment,True,unanimous,3-0,0,0
t1_p511awz,0,0.09947021305561066,-2.203125,0,0,0.06786406952368582,english,comment,True,majority,3-0,0,0
t1_p511bxb,0,0.8098781704902649,1.44921875,1,1,0.8485689901066797,tagalog,comment,True,adjudicator,2-1,0,0
t1_p511mps,1,0.6120777726173401,0.4560546875,1,1,0.6323574021315078,taglish,comment,True,majority,3-0,1,1
t1_p511qag,0,0.5364950895309448,0.146240234375,1,1,0.5433682320668647,english,comment,True,adjudicator,2-1,0,0
t1_p5120d0,0,0.33982762694358826,-0.6640625,0,0,0.3122314031709291,english,comment,True,majority,3-0,0,0
t1_p5121dv,0,0.3065270483493805,-0.81640625,0,0,0.27470590711137166,english,comment,True,majority,3-0,0,0
t1_p513f5o,0,0.5449225306510925,0.18017578125,1,1,0.5533625797102042,tagalog,comment,True,adjudicator,2-1,0,1
t1_p513ffe,0,0.11797800660133362,-2.01171875,0,0,0.08375789121786416,english,comment,True,majority,3-0,0,0
t1_p513w3g,1,0.08819004148244858,-2.3359375,0,0,0.05852942388993353,english,comment,True,majority,3-0,1,1
t1_p513x9i,0,0.09467770159244537,-2.2578125,0,0,0.06386389557786684,taglish,comment,True,unanimous,3-0,0,0
t1_p5143ya,0,0.034358687698841095,-3.3359375,0,0,0.01857624690416891,taglish,comment,True,unanimous,3-0,0,0
t1_p514efx,0,0.2624635696411133,-1.033203125,0,0,0.2264103494250731,english,comment,True,unanimous,3-0,0,0
t1_p514hcf,0,0.4002804160118103,-0.404296875,0,0,0.3820649533506287,tagalog,comment,True,adjudicator,2-1,0,0
t1_p514hk4,0,0.6649755239486694,0.685546875,1,1,0.6932286534425888,taglish,comment,True,majority,3-0,0,0
t1_p514ukl,1,0.4182216227054596,-0.330078125,0,0,0.403108101449177,tagalog,comment,True,adjudicator,2-1,1,1
t1_p514wk1,1,0.5638583302497864,0.2568359375,1,1,0.5757696604445548,taglish,comment,True,majority,3-0,1,1
t1_p514won,0,0.1778108775615692,-1.53125,0,0,0.13931711428922144,taglish,comment,True,majority,3-0,0,0
t1_p514y4d,1,0.5064541101455688,0.02581787109375,1,1,0.5076750960909505,taglish,comment,True,adjudicator,2-1,1,1
t1_p5158zq,0,0.6992544531822205,0.84375,1,1,0.7317252584888873,tagalog,comment,True,unanimous,3-0,0,0
t1_p515im6,1,0.49900051951408386,-0.003997802734375,0,1,0.49881144837466806,tagalog,comment,True,adjudicator,2-1,1,1
t1_p51678c,0,0.3015676736831665,-0.83984375,0,0,0.2691876186443623,english,comment,True,majority,3-0,0,0
t1_p516l0e,0,0.09807931631803513,-2.21875,0,0,0.06669803620588204,english,comment,True,majority,3-0,0,0
t1_p516l7j,0,0.19253934919834137,-1.43359375,0,0,0.15383420454378288,taglish,comment,True,unanimous,3-0,0,0
t1_p516ley,1,0.30445513129234314,-0.826171875,0,0,0.2723980973810203,english,comment,True,majority,3-0,1,1
t1_p517aep,0,0.36048904061317444,-0.5732421875,0,0,0.33588116322267886,taglish,comment,True,adjudicator,2-1,0,0
t1_p517odk,0,0.6074303388595581,0.4365234375,1,1,0.6269412162269894,tagalog,comment,True,adjudicator,2-1,0,1
t1_p517odr,0,0.10594828426837921,-2.1328125,0,0,0.07334847937341782,taglish,comment,True,unanimous,3-0,0,0
t1_p517xa6,1,0.7527403235435486,1.11328125,1,1,0.7898334823146894,tagalog,comment,True,adjudicator,2-1,1,1
t1_p519qku,0,0.08509904891252518,-2.375,0,0,0.0560215500647655,english,comment,True,majority,3-0,0,0
t1_p519v1g,0,0.043365802615880966,-3.09375,0,0,0.02462380662368835,tagalog,comment,True,majority,3-0,0,0
t1_p51a6ak,0,0.564578652381897,0.259765625,1,1,0.5766204344816124,tagalog,comment,True,adjudicator,2-1,0,1
t1_p51apmu,0,0.41087448596954346,-0.3603515625,0,0,0.3944767774835087,english,comment,True,unanimous,3-0,0,0
t1_p51b42d,0,0.09739040583372116,-2.2265625,0,0,0.06612201983311876,english,comment,True,adjudicator,2-1,0,0
t1_p51b5y4,0,0.7826625108718872,1.28125,1,1,0.8210785085613566,tagalog,comment,True,adjudicator,2-1,0,1
t1_p51bah9,1,0.2240554690361023,-1.2421875,0,0,0.18584795949030647,tagalog,comment,True,adjudicator,2-1,1,0
t1_p51c5db,0,0.20497775077819824,-1.35546875,0,0,0.16632040355942368,taglish,comment,True,majority,3-0,0,0
t1_p51c7pk,0,0.04922211542725563,-2.9609375,0,0,0.028715902567485067,tagalog,comment,True,unanimous,3-0,0,0
t1_p51c9tq,0,0.13251455128192902,-1.87890625,0,0,0.09670285118004486,taglish,comment,True,majority,3-0,0,0
t1_p51cle6,0,0.1761041283607483,-1.54296875,0,0,0.13765446011899501,english,comment,True,majority,3-0,0,0
t1_p51cwhc,0,0.6027632355690002,0.4169921875,1,1,0.6214929988763539,english,comment,True,adjudicator,2-1,0,0
t1_p51cx9a,0,0.22000709176063538,-1.265625,0,0,0.181667557260213,taglish,comment,True,majority,3-0,0,0
t1_p51ddqi,0,0.17328819632530212,-1.5625,0,0,0.13492045062231073,tagalog,comment,True,adjudicator,2-1,0,0
t1_p51dk1z,0,0.16344542801380157,-1.6328125,0,0,0.1254554805691939,taglish,comment,True,majority,3-0,0,0
t1_p51e36n,0,0.46429428458213806,-0.14306640625,0,0,0.45756840609298943,taglish,comment,True,majority,3-0,0,0
t1_p51e3p8,0,0.19436782598495483,-1.421875,0,0,0.15565700984748004,english,comment,True,adjudicator,2-1,0,0
t1_p51eayg,0,0.12085322290658951,-1.984375,0,0,0.08628737051690295,tagalog,comment,True,adjudicator,2-1,0,0
t1_p51ebvn,0,0.18184363842010498,-1.50390625,0,0,0.1432621251584481,english,comment,True,majority,3-0,0,0
t1_p51u0yc,0,0.29665425419807434,-0.86328125,0,0,0.2637398724401513,tagalog,comment,True,majority,3-0,0,0
t1_p51vat8,0,0.17895588278770447,-1.5234375,0,0,0.1404348774511225,tagalog,comment,True,majority,3-0,0,0
t1_p51wv23,0,0.23091977834701538,-1.203125,0,0,0.19297954590997313,taglish,comment,True,unanimous,3-0,0,0
t1_p51xptv,0,0.14511536061763763,-1.7734375,0,0,0.10822663804439493,taglish,comment,True,majority,3-0,0,0
t1_p51z2oj,0,0.12984344363212585,-1.90234375,0,0,0.0942954062916717,taglish,comment,True,unanimous,3-0,0,0
t1_p5209j0,0,0.1475551873445511,-1.75390625,0,0,0.11048881459154881,taglish,comment,True,majority,3-0,0,0
t1_p539k62,0,0.046378206461668015,-3.0234375,0,0,0.02671391721377015,taglish,comment,True,majority,3-0,0,0
t1_p53cx84,0,0.06187598779797554,-2.71875,0,0,0.03793686145509509,english,comment,True,majority,3-0,0,0
t1_p53ejq2,0,0.23863890767097473,-1.16015625,0,0,0.2010626362058817,taglish,comment,True,majority,3-0,0,0
t1_p53kc0j,0,0.0832919254899025,-2.3984375,0,0,0.05456569889249289,tagalog,comment,True,majority,3-0,0,0
t1_p53vm77,0,0.22202469408512115,-1.25390625,0,0,0.1837485464084397,english,comment,True,adjudicator,2-1,0,1
t1_p548opy,0,0.06804042309522629,-2.6171875,0,0,0.04259955248158732,taglish,comment,True,unanimous,3-0,0,0
t1_p54ijgj,0,0.3674972355365753,-0.54296875,0,0,0.34395866649735257,tagalog,comment,True,unanimous,3-0,0,0
t1_p54nz23,0,0.06560484319925308,-2.65625,0,0,0.04074470332833299,taglish,comment,True,unanimous,3-0,0,0
t1_p55saf4,0,0.2568320035934448,-1.0625,0,0,0.2203663811827261,tagalog,comment,True,unanimous,3-0,0,0
t1_p55v84k,0,0.15921740233898163,-1.6640625,0,0,0.12143455080268824,tagalog,comment,True,unanimous,3-0,0,0
t1_p56eroe,1,0.632729709148407,0.5439453125,1,1,0.6563033425322461,taglish,comment,True,majority,3-0,1,1
t1_p56fcks,1,0.43374162912368774,-0.2666015625,0,0,0.4213962003249208,english,comment,True,majority,3-0,1,1
t1_p56ftcu,1,0.42536652088165283,-0.30078125,0,0,0.41151857536694453,english,comment,True,adjudicator,2-1,1,1
t1_p56g61g,0,0.8187368512153625,1.5078125,1,1,0.8573070907198489,tagalog,comment,True,adjudicator,2-1,0,1
t1_p56ge9a,0,0.2913839519023895,-0.888671875,0,0,0.25791859861003885,english,comment,True,adjudicator,2-1,0,1
t1_p56lwbi,0,0.4000460207462311,-0.4052734375,0,0,0.3817908097927728,taglish,comment,True,majority,3-0,0,0
t1_p56of1n,0,0.13568955659866333,-1.8515625,0,0,0.09958077837881381,english,comment,True,unanimous,3-0,0,0
t1_p56ooj5,0,0.19132769107818604,-1.44140625,0,0,0.15262872931274815,taglish,comment,True,majority,3-0,0,0
t1_p56pizi,0,0.3911733329296112,-0.4423828125,0,0,0.37143051102821323,english,comment,True,adjudicator,2-1,0,0
t1_p56qvxs,1,0.7138307690620422,0.9140625,1,1,0.747818197026067,english,comment,True,unanimous,3-0,1,1
t1_p56r0lz,0,0.7839884757995605,1.2890625,1,1,0.8224393202177415,taglish,comment,True,adjudicator,2-1,0,0
t1_p56rofd,0,0.504501223564148,0.01800537109375,1,1,0.5053528243418113,english,comment,True,unanimous,3-0,0,0
t1_p56rw0h,0,0.21011726558208466,-1.32421875,0,0,0.171537402284092,tagalog,comment,True,adjudicator,2-1,0,0
t1_p56shvj,0,0.8006919622421265,1.390625,1,1,0.8393960359301679,tagalog,comment,True,unanimous,3-0,0,0
t1_p56sonm,0,0.6971967220306396,0.833984375,1,1,0.7294393923831088,english,comment,True,majority,3-0,0,0
t1_p56ss9e,0,0.12294380366802216,-1.96484375,0,0,0.08813629034936597,taglish,comment,True,adjudicator,2-1,0,0
t1_p56tc7c,0,0.1705079972743988,-1.58203125,0,0,0.13223241579172082,taglish,comment,True,majority,3-0,0,0
t1_p56tge7,0,0.1778108775615692,-1.53125,0,0,0.13931711428922144,tagalog,comment,True,adjudicator,2-1,0,0
t1_p56tixe,0,0.1778108775615692,-1.53125,0,0,0.13931711428922144,tagalog,comment,True,adjudicator,2-1,0,1
t1_p56ube0,0,0.15713684260845184,-1.6796875,0,0,0.11946604245344365,tagalog,comment,True,adjudicator,2-1,0,1
t1_p56v3dp,0,0.43986761569976807,-0.24169921875,0,0,0.4286330562478897,english,comment,True,adjudicator,2-1,0,0
t1_p56v9u9,0,0.07107366621494293,-2.5703125,0,0,0.04493193106333012,taglish,comment,True,majority,3-0,0,0
t1_p56vs86,0,0.2934044897556305,-0.87890625,0,0,0.26014759589590836,english,comment,True,unanimous,3-0,0,0
t1_p56xct1,1,0.37983837723731995,-0.490234375,0,0,0.35824483774906357,taglish,comment,True,unanimous,3-0,1,1
t1_p56ybe4,0,0.13117322325706482,-1.890625,0,0,0.09549234318883322,english,comment,True,majority,3-0,0,0
t1_p56ycd2,0,0.07640768587589264,-2.4921875,0,0,0.04909172560109891,tagalog,comment,True,unanimous,3-0,0,0
t1_p56z4ga,0,0.8504685759544373,1.73828125,1,1,0.887671729565017,tagalog,comment,True,adjudicator,2-1,0,1
t1_p56zaib,0,0.7704647779464722,1.2109375,1,1,0.8084632443633377,english,comment,True,adjudicator,2-1,0,1
t1_p56zxlp,0,0.24006125330924988,-1.15234375,0,0,0.2025592038765171,english,comment,True,unanimous,3-0,0,0
t1_p570gq4,0,0.23581157624721527,-1.17578125,0,0,0.1980943654117439,tagalog,comment,True,adjudicator,2-1,0,1
t1_p570nj4,0,0.1200256198644638,-1.9921875,0,0,0.08555768589386153,tagalog,comment,True,adjudicator,2-1,0,0
t1_p571ubf,0,0.03514484316110611,-3.3125,0,0,0.01909126413049286,taglish,comment,True,unanimous,3-0,0,0
t1_p57775v,0,0.047074176371097565,-3.0078125,0,0,0.027201310134468026,taglish,comment,True,majority,3-0,0,0
t1_p57a2cw,0,0.6863700151443481,0.783203125,1,1,0.7173573490059779,tagalog,comment,True,unanimous,3-0,0,0
t1_p57hyi6,0,0.37777021527290344,-0.4990234375,0,0,0.35584543899275345,english,comment,True,adjudicator,2-1,0,0
t1_p57rbor,0,0.3544330894947052,-0.599609375,0,0,0.3289231034560843,tagalog,comment,True,adjudicator,2-1,0,1
t1_p582gg7,0,0.538861870765686,0.15576171875,1,1,0.5461762810172528,english,comment,True,majority,3-0,0,0
t1_p583nqj,0,0.16830945014953613,-1.59765625,0,0,0.1301147922349188,english,comment,True,majority,3-0,0,0
t1_p5843ah,0,0.1030244380235672,-2.1640625,0,0,0.07086229158137215,english,comment,True,majority,3-0,0,0
t1_p584lsx,0,0.20561502873897552,-1.3515625,0,0,0.1669655156135423,english,comment,True,majority,3-0,0,0
t1_p585bcp,0,0.1749734729528427,-1.55078125,0,0,0.13655531140694618,english,comment,True,unanimous,3-0,0,0
t1_p586mpz,0,0.1475551873445511,-1.75390625,0,0,0.11048881459154881,tagalog,comment,True,majority,3-0,0,0
t1_p586qua,0,0.04672495648264885,-3.015625,0,0,0.026956542661305673,taglish,comment,True,unanimous,3-0,0,0
t1_p587cg6,0,0.08269734680652618,-2.40625,0,0,0.05408838736301812,taglish,comment,True,majority,3-0,0,0
t1_p5883y0,0,0.0832919254899025,-2.3984375,0,0,0.05456569889249289,taglish,comment,True,majority,3-0,0,0
t1_p5898ke,0,0.09073548763990402,-2.3046875,0,0,0.060611142133322325,taglish,comment,True,adjudicator,2-1,0,0
t1_p589aw3,0,0.12421301752328873,-1.953125,0,0,0.08926275180885183,taglish,comment,True,adjudicator,2-1,0,1
t1_p589q0r,0,0.3559987545013428,-0.5927734375,0,0,0.33072000493615666,tagalog,comment,True,adjudicator,2-1,0,1
t1_p58a6x0,0,0.14706452190876007,-1.7578125,0,0,0.11003309114391857,taglish,comment,True,adjudicator,2-1,0,0
t1_p58atkp,0,0.4533828794956207,-0.18701171875,0,0,0.4446291150193164,tagalog,comment,True,adjudicator,2-1,0,1
t1_p58hsl1,0,0.07640768587589264,-2.4921875,0,0,0.04909172560109891,taglish,comment,True,adjudicator,2-1,0,1
t1_p58kee9,0,0.26626187562942505,-1.013671875,0,0,0.23050430741959332,english,comment,True,unanimous,3-0,0,0
t1_p58mnsi,0,0.8370879292488098,1.63671875,1,1,0.8750533033170279,tagalog,comment,True,adjudicator,2-1,0,1
t1_p58ucht,0,0.2267836332321167,-1.2265625,0,0,0.1886759036904617,english,comment,True,adjudicator,2-1,0,1
t1_p58va0p,1,0.7634837031364441,1.171875,1,1,0.8011666733727839,taglish,comment,True,adjudicator,2-1,1,0
t1_p58vdxr,0,0.4234579801559448,-0.30859375,0,0,0.40927050581243357,tagalog,comment,True,adjudicator,2-1,0,0
t1_p58wc9w,0,0.38861799240112305,-0.453125,0,0,0.3684529375464494,english,comment,True,unanimous,3-0,0,0
t1_p58wkah,0,0.07055959850549698,-2.578125,0,0,0.044534920969878176,taglish,comment,True,majority,3-0,0,0
t1_p58x3no,0,0.200557678937912,-1.3828125,0,0,0.16186039656362236,tagalog,comment,True,adjudicator,2-1,0,1
t1_p58xvb4,0,0.16451646387577057,-1.625,0,0,0.12647837269938303,english,comment,True,majority,3-0,0,0
t1_p591y9q,1,0.2802222669124603,-0.943359375,0,0,0.2456683479720021,english,comment,True,majority,3-0,1,1
t1_p5954c8,0,0.1030244380235672,-2.1640625,0,0,0.07086229158137215,taglish,comment,True,unanimous,3-0,0,0
t1_p596ahr,0,0.14560064673423767,-1.76953125,0,0,0.10867579333120232,tagalog,comment,True,majority,3-0,0,0
t1_p597vr8,0,0.13846179842948914,-1.828125,0,0,0.10210795049534478,taglish,comment,True,majority,3-0,0,0
t1_p599fek,0,0.6614856719970703,0.669921875,1,1,0.6892629667342491,tagalog,comment,True,adjudicator,2-1,0,1
t1_p599ncq,0,0.6270381808280945,0.51953125,1,1,0.6497249141511798,taglish,comment,True,majority,3-0,0,0
t1_p59a2cx,0,0.0844927504658699,-2.3828125,0,0,0.05553225154825975,taglish,comment,True,unanimous,3-0,0,0
t1_p59fdwe,0,0.3393895626068115,-0.666015625,0,0,0.31173284378050764,english,comment,True,adjudicator,2-1,0,1
t1_p59mvvk,0,0.09138210862874985,-2.296875,0,0,0.06114229408286271,taglish,comment,True,majority,3-0,0,0
t1_p59wsxo,0,0.07477004826068878,-2.515625,0,0,0.04780684178428329,taglish,comment,True,unanimous,3-0,0,0
t1_p5a1yhi,0,0.10447732359170914,-2.1484375,0,0,0.07209550186249786,english,comment,True,majority,3-0,0,0
t1_p5ad4jk,0,0.13251455128192902,-1.87890625,0,0,0.09670285118004486,tagalog,comment,True,adjudicator,2-1,0,0
t1_p5ai9q3,0,0.14608725905418396,-1.765625,0,0,0.10912658456855195,english,comment,True,majority,3-0,0,0
t1_p5auq3e,0,0.08694165199995041,-2.3515625,0,0,0.05751388141327214,taglish,comment,True,majority,3-0,0,0
t1_p5av7dh,0,0.29219117760658264,-0.884765625,0,0,0.2588087002888397,english,comment,True,adjudicator,2-1,0,1
t1_p5b04tc,1,0.24508504569530487,-1.125,0,0,0.20786252964869026,taglish,comment,True,adjudicator,2-1,1,0
t1_p5b0c5q,0,0.18126320838928223,-1.5078125,0,0,0.14269290928015116,english,comment,True,majority,3-0,0,0
t1_p5b0oru,0,0.13614831864833832,-1.84765625,0,0,0.09999807570458517,taglish,comment,True,majority,3-0,0,0
t1_p5b1qoc,0,0.1030244380235672,-2.1640625,0,0,0.07086229158137215,taglish,comment,True,majority,3-0,0,0
t1_p5b1r09,0,0.12421301752328873,-1.953125,0,0,0.08926275180885183,taglish,comment,True,unanimous,3-0,0,0
t1_p5b339o,0,0.3437821865081787,-0.646484375,0,0,0.31673792113119675,taglish,comment,True,majority,3-0,0,0
t1_p5b5hbz,0,0.18772760033607483,-1.46484375,0,0,0.1490587444649132,english,comment,True,adjudicator,2-1,0,0
t1_p5bbhvs,0,0.3944341838359833,-0.4287109375,0,0,0.3752342933028641,tagalog,comment,True,unanimous,3-0,0,0
t1_p5bdsnu,0,0.4728659987449646,-0.108642578125,0,0,0.46774522289019105,english,comment,True,adjudicator,2-1,0,0
t1_p5be6ke,0,0.12085322290658951,-1.984375,0,0,0.08628737051690295,taglish,comment,True,majority,3-0,0,0
t1_p5bg0nu,0,0.665410578250885,0.6875,1,1,0.6937223769098656,taglish,comment,True,majority,3-0,0,0
t1_p5bi02g,0,0.06142404302954674,-2.7265625,0,0,0.03759922525176843,taglish,comment,True,majority,3-0,0,0
t1_p5bqmrp,0,0.2107662856578827,-1.3203125,0,0,0.17219857001349806,english,comment,True,majority,3-0,0,0
t1_p5bqsqg,0,0.42024263739585876,-0.32177734375,0,0,0.40548552045455033,tagalog,comment,True,majority,3-0,0,0
t1_p5bsp12,0,0.1795305460691452,-1.51953125,0,0,0.1409965672362772,taglish,comment,True,majority,3-0,0,0
t1_p5btd0h,1,0.8558511734008789,1.78125,1,1,0.8926667809610309,english,comment,True,adjudicator,3-0,1,1
t1_p5buc0u,0,0.8333246111869812,1.609375,1,1,0.871454440988218,tagalog,comment,True,adjudicator,2-1,0,0
t1_p5bvnyi,0,0.04208773002028465,-3.125,0,0,0.023746845439739383,taglish,comment,True,majority,3-0,0,0
t1_p5bw2ty,0,0.5853382349014282,0.3447265625,1,1,0.601076196853906,english,comment,True,majority,3-0,0,0
t1_p5bzxqy,0,0.1555909961462021,-1.69140625,0,0,0.11800781473740685,english,comment,True,majority,3-0,0,0
t1_p5c1ore,0,0.0446808747947216,-3.0625,0,0,0.0255323066235167,taglish,comment,True,unanimous,3-0,0,0
t1_p5c2j4s,0,0.13206616044044495,-1.8828125,0,0,0.09629783366606852,taglish,comment,True,unanimous,3-0,0,0
t1_p5c2l29,0,0.2635993957519531,-1.02734375,0,0,0.2276331135168602,english,comment,True,adjudicator,2-1,0,0
t1_p5c3jae,0,0.31153160333633423,-0.79296875,0,0,0.2802939321193906,english,comment,True,majority,3-0,0,0
t1_p5c3m8u,0,0.09009299427270889,-2.3125,0,0,0.06008430908186692,english,comment,True,majority,3-0,0,0
t1_p5c3vgk,0,0.08269734680652618,-2.40625,0,0,0.05408838736301812,taglish,comment,True,majority,3-0,0,0
t1_p5c5hsz,0,0.2735743820667267,-0.9765625,0,0,0.2384247800355444,english,comment,True,majority,3-0,0,0
t1_p5c5ngm,0,0.4950487017631531,-0.019805908203125,0,1,0.4941119404635265,english,comment,True,majority,3-0,0,0
t1_p5c6kf2,0,0.2465333193540573,-1.1171875,0,0,0.2093964454023326,tagalog,comment,True,majority,3-0,0,0
t1_p5c6ylh,0,0.3702253997325897,-0.53125,0,0,0.3471101471598591,english,comment,True,majority,3-0,0,0
t1_p5c7acj,0,0.1962094008922577,-1.41015625,0,0,0.1574973936728077,english,comment,True,unanimous,3-0,0,0
t1_p5c7f23,0,0.04054073989391327,-3.1640625,0,0,0.022693414415872554,taglish,comment,True,unanimous,3-0,0,0
t1_p5c7gzl,0,0.28656840324401855,-0.912109375,0,0,0.2526200784484905,taglish,comment,True,majority,3-0,0,0
t1_p5c7omv,1,0.397236704826355,-0.4169921875,0,0,0.37850700112364605,english,comment,True,majority,3-0,1,1
t1_p5c8o4w,0,0.11047115921974182,-2.0859375,0,0,0.07722859729130906,english,comment,True,majority,3-0,0,0
t1_p5c8sko,0,0.5292633771896362,0.1171875,1,1,0.5347837749936437,english,comment,True,unanimous,2-0,0,0
t1_p5c9bva,0,0.30777397751808167,-0.810546875,0,0,0.2760964086860393,english,comment,True,unanimous,3-0,0,0
t1_p5ca25n,0,0.3832949995994568,-0.4755859375,0,0,0.36225960957219344,english,comment,True,majority,3-0,0,0
t1_p5cakcu,0,0.15921740233898163,-1.6640625,0,0,0.12143455080268824,taglish,comment,True,majority,3-0,0,0
t1_p5cc6mt,0,0.20561502873897552,-1.3515625,0,0,0.1669655156135423,english,comment,True,adjudicator,2-1,0,0
t1_p5ccd6g,0,0.4234579801559448,-0.30859375,0,0,0.40927050581243357,tagalog,comment,True,adjudicator,2-1,0,0
t1_p5cdkaw,0,0.780662477016449,1.26953125,1,1,0.8190220187676829,taglish,comment,True,majority,3-0,0,0
t1_p5ch1zb,0,0.08151976019144058,-2.421875,0,0,0.05314555140233081,english,comment,True,adjudicator,2-1,0,1
t1_p5cip1a,0,0.0838903859257698,-2.390625,0,0,0.05504697741080492,tagalog,comment,True,adjudicator,2-1,0,0
t1_p5cj37l,0,0.2628418207168579,-1.03125,0,0,0.22681742058278329,english,comment,True,unanimous,3-0,0,0
t1_p5cjw6t,0,0.27904197573661804,-0.94921875,0,0,0.24437935780032022,english,comment,True,majority,3-0,0,0
t1_p5ckbnh,0,0.11201595515012741,-2.0703125,0,0,0.07856323179659935,english,comment,True,adjudicator,2-1,0,0
t1_p5ckeni,0,0.50146484375,0.005859375,1,1,0.5017419955615892,taglish,comment,True,adjudicator,2-1,0,0
t1_p5ckfsi,0,0.15662017464637756,-1.68359375,0,0,0.11897824412101254,english,comment,True,majority,3-0,0,0
t1_p5ckm7l,0,0.12721826136112213,-1.92578125,0,0,0.09194179506186882,taglish,comment,True,adjudicator,2-1,0,0
t1_p5cl3by,0,0.5443170070648193,0.177734375,1,1,0.5526449020465698,tagalog,comment,True,adjudicator,2-1,0,0
t1_p5cl3xm,0,0.6229182481765747,0.501953125,1,1,0.6449527611195774,taglish,comment,True,adjudicator,2-1,0,0
t1_p5cl6hj,0,0.7879312038421631,1.3125,1,1,0.8264730425178043,taglish,comment,True,adjudicator,2-1,0,1
t1_p5clmlh,0,0.8255897164344788,1.5546875,1,1,0.8639914870264166,taglish,comment,True,majority,3-0,0,0
t1_p5cm593,0,0.22815652191638947,-1.21875,0,0,0.19010221126598226,taglish,comment,True,unanimous,3-0,0,0
t1_p5cm6yc,0,0.3293917179107666,-0.7109375,0,0,0.3003877877391037,taglish,comment,True,unanimous,3-0,0,0
t1_p5cmehd,0,0.03541072830557823,-3.3046875,0,0,0.019266028317976698,taglish,comment,True,unanimous,3-0,0,0
t1_p5cmoo9,0,0.7592254281044006,1.1484375,1,1,0.796689402217585,tagalog,comment,True,unanimous,3-0,0,0
t1_p5cmvvb,0,0.4727290868759155,-0.10919189453125,0,0,0.46758259320112544,tagalog,comment,True,adjudicator,2-1,0,0
t1_p5cmw8l,0,0.3019792437553406,-0.837890625,0,0,0.2696447923118968,tagalog,comment,True,adjudicator,2-1,0,1
t1_p5cn2vp,1,0.47091910243034363,-0.116455078125,0,0,0.46543292805021746,taglish,comment,True,majority,3-0,1,1
t1_p5cn5ng,1,0.8844391107559204,2.03515625,1,1,0.9183564131265542,taglish,comment,True,majority,3-0,1,1
t1_p5cnoit,0,0.8568122982978821,1.7890625,1,1,0.893553705069331,tagalog,comment,True,adjudicator,2-1,0,1
t1_p5cnwp2,1,0.6749081611633301,0.73046875,1,1,0.7044706750170554,tagalog,comment,True,adjudicator,3-0,1,1
t1_p5cpmxp,0,0.06608537584543228,-2.6484375,0,0,0.04110937897992363,taglish,comment,True,majority,3-0,0,0
t1_p5cpwni,1,0.32295286655426025,-0.740234375,0,0,0.29311727598716725,taglish,comment,True,majority,3-0,1,1
t1_p5cq96q,1,0.5632578134536743,0.25439453125,1,1,0.5750603386639139,taglish,comment,True,majority,3-0,1,1
t1_p5cqhnt,0,0.1901218295097351,-1.44921875,0,0,0.15143100989332017,english,comment,True,adjudicator,2-1,0,1
t1_p5cqowe,0,0.04922211542725563,-2.9609375,0,0,0.028715902567485067,tagalog,comment,True,majority,3-0,0,0
t1_p5cr76w,0,0.06097517907619476,-2.734375,0,0,0.03726447760073885,taglish,comment,True,majority,3-0,0,0
t1_p5crdbp,0,0.3459886312484741,-0.63671875,0,0,0.31925655662268637,english,comment,True,unanimous,3-0,0,0
t1_p5cseyk,1,0.6774740219116211,0.7421875,1,1,0.7073637488368266,taglish,comment,True,unanimous,3-0,1,1
t1_p5csk7w,0,0.7711548805236816,1.21484375,1,1,0.8091815467315095,tagalog,comment,True,adjudicator,2-1,0,1
t1_p5ct483,0,0.21601152420043945,-1.2890625,0,0,0.17756067978225853,taglish,comment,True,majority,3-0,0,0
t1_p5ctfwv,0,0.07978201657533646,-2.4453125,0,0,0.05176034166174364,taglish,comment,True,majority,3-0,0,0
t1_p5cu7wt,0,0.3702253997325897,-0.53125,0,0,0.3471101471598591,english,comment,True,majority,3-0,0,0
t1_p5cuakc,0,0.16132023930549622,-1.6484375,0,0,0.12343094853505886,tagalog,comment,True,adjudicator,2-1,0,0
t1_p5cuoq5,0,0.36116471886634827,-0.5703125,0,0,0.33665876671287476,english,comment,True,adjudicator,2-1,0,0
t1_p5cuuzs,0,0.8333246111869812,1.609375,1,1,0.871454440988218,tagalog,comment,True,adjudicator,2-1,0,0
t1_p5cweq7,0,0.046378206461668015,-3.0234375,0,0,0.02671391721377015,taglish,comment,True,majority,3-0,0,0
t1_p5cwz72,0,0.6851073503494263,0.77734375,1,1,0.7159424073220321,taglish,comment,True,majority,3-0,0,0
t1_p5cz1pl,1,0.1540575623512268,-1.703125,0,0,0.11656503016838424,taglish,comment,True,majority,3-0,1,1
t1_p5czbys,1,0.4307458698749542,-0.27880859375,0,0,0.41786081660709434,english,comment,True,unanimous,3-0,1,1
t1_p5czlrx,0,0.38769033551216125,-0.45703125,0,0,0.36737265045194656,tagalog,comment,True,majority,3-0,0,0
t1_p5d00ch,0,0.08819004148244858,-2.3359375,0,0,0.05852942388993353,taglish,comment,True,unanimous,3-0,0,0
t1_p5d09u9,0,0.08509904891252518,-2.375,0,0,0.0560215500647655,taglish,comment,True,unanimous,3-0,0,0
t1_p5d0oid,1,0.24148938059806824,-1.14453125,0,0,0.20406406572014105,tagalog,comment,True,majority,3-0,1,1
t1_p5d20od,0,0.6601723432540894,0.6640625,1,1,0.6877685968290709,tagalog,comment,True,adjudicator,3-0,0,1
t1_p5d2mg5,0,0.26057758927345276,-1.04296875,0,0,0.22438275116698655,english,comment,True,unanimous,3-0,0,0
t1_p5d33sl,0,0.41134732961654663,-0.3583984375,0,0,0.3950317175024067,english,comment,True,unanimous,3-0,0,0
t1_p5d361k,0,0.052618954330682755,-2.890625,0,0,0.031142267058074505,taglish,comment,True,majority,3-0,0,0
t1_p5d40vk,0,0.10521054267883301,-2.140625,0,0,0.07271950364676193,tagalog,comment,True,adjudicator,2-1,0,0
t1_p5d50ke,0,0.32039588689804077,-0.751953125,0,0,0.2902380865445412,tagalog,comment,True,adjudicator,2-1,0,0
t1_p5d7uvb,0,0.10594828426837921,-2.1328125,0,0,0.07334847937341782,taglish,comment,True,unanimous,3-0,0,0
t1_p5d8oez,0,0.8327813148498535,1.60546875,1,1,0.870933164001215,tagalog,comment,True,majority,3-0,0,0
t1_p5d8pfa,0,0.057918090373277664,-2.7890625,0,0,0.0350002388124042,taglish,comment,True,majority,3-0,0,0
t1_p5d93yl,0,0.15304215252399445,-1.7109375,0,0,0.1156117009277118,english,comment,True,majority,3-0,0,0
t1_p5dbgir,0,0.3544330894947052,-0.599609375,0,0,0.3289231034560843,tagalog,comment,True,adjudicator,2-1,0,0
t1_p5dbobp,0,0.19868534803390503,-1.39453125,0,0,0.1599787111127664,taglish,comment,True,majority,3-0,0,0
t1_p5dc0hl,0,0.12896330654621124,-1.91015625,0,0,0.0935049322238215,taglish,comment,True,majority,3-0,0,0
t1_p5dc63m,0,0.3711366653442383,-0.52734375,0,0,0.3481636423017034,taglish,comment,True,majority,3-0,0,0
t1_p5dcpdj,0,0.4928593337535858,-0.028564453125,0,1,0.491508553781976,taglish,comment,True,adjudicator,2-1,0,0
t1_p5de6ja,1,0.12635333836078644,-1.93359375,0,0,0.09116906514729324,taglish,comment,True,unanimous,3-0,1,1
t1_p5demxp,1,0.8169911503791809,1.49609375,1,1,0.8555937707464653,taglish,comment,True,majority,3-0,1,1
t1_p5depxp,0,0.3119506537914276,-0.791015625,0,0,0.2807627216262395,taglish,comment,True,majority,3-0,0,0
t1_p5dfs1x,0,0.34687307476997375,-0.6328125,0,0,0.32026698337807363,tagalog,comment,True,adjudicator,2-1,0,0
t1_p5dfsas,0,0.87364661693573,1.93359375,1,1,0.9088309348527068,taglish,comment,True,unanimous,3-0,0,0
t1_p5dhipi,0,0.3944341838359833,-0.4287109375,0,0,0.3752342933028641,english,comment,True,adjudicator,2-1,0,0
t1_p5dhwz3,0,0.07696083933115005,-2.484375,0,0,0.04952725201987752,tagalog,comment,True,majority,3-0,0,0
t1_p5djfgh,1,0.16079242527484894,-1.65234375,0,0,0.12292922103031796,taglish,comment,True,adjudicator,2-1,1,0
t1_p5dkrfg,0,0.2685575783252716,-1.001953125,0,0,0.23298544656661777,english,comment,True,adjudicator,2-1,0,1
t1_p5dkuua,0,0.6297746300697327,0.53125,1,1,0.6528898528401408,english,comment,True,adjudicator,2-1,0,1
t1_p5dlg00,0,0.07585818320512772,-2.5,0,0,0.04865983298681335,taglish,comment,True,unanimous,3-0,0,0
t1_p5dlmov,0,0.34997692704200745,-0.619140625,0,0,0.3238167310345272,english,comment,True,adjudicator,2-1,0,0
t1_p5dloov,0,0.16995622217655182,-1.5859375,0,0,0.1317002869592887,english,comment,True,majority,3-0,0,0
t1_p5dlyeh,0,0.6169358491897583,0.4765625,1,1,0.6380086479236181,taglish,comment,True,unanimous,3-0,0,0
t1_p5dm7pj,1,0.3090236783027649,-0.8046875,0,0,0.2774912558399319,english,comment,True,majority,3-0,1,1
t1_p5dmblv,1,0.6971967220306396,0.833984375,1,1,0.7294393923831088,taglish,comment,True,majority,3-0,1,1
t1_p5dmlgf,0,0.22270013391971588,-1.25,0,0,0.1844463016708196,english,comment,True,unanimous,3-0,0,0
t1_p5dnuvy,0,0.038756195455789566,-3.2109375,0,0,0.021489444337887676,taglish,comment,True,unanimous,3-0,0,0
t1_p5dnz4u,0,0.11797800660133362,-2.01171875,0,0,0.08375789121786416,english,comment,True,adjudicator,2-1,0,0
t1_p5dsa7b,0,0.6867902874946594,0.78515625,1,1,0.7178280459670925,tagalog,comment,True,adjudicator,2-1,0,1
t1_p5dsrck,1,0.4104018211364746,-0.3623046875,0,0,0.3939221094245889,tagalog,comment,True,majority,3-0,1,1
t1_p5dtcat,0,0.06233103200793266,-2.7109375,0,0,0.03827740899962687,taglish,comment,True,unanimous,3-0,0,0
t1_p5dtsdj,0,0.1475551873445511,-1.75390625,0,0,0.11048881459154881,taglish,comment,True,adjudicator,2-1,0,0
t1_p5du4ih,1,0.3345894515514374,-0.6875,0,0,0.30627762309013445,english,comment,True,majority,3-0,1,1
t1_p5dwkcb,1,0.224735289812088,-1.23828125,0,0,0.18655186491459871,taglish,comment,True,unanimous,3-0,1,1
t1_p5dxl1i,0,0.10669060051441193,-2.125,0,0,0.07398246128035708,tagalog,comment,True,adjudicator,2-1,0,0
t1_p5dzg7h,0,0.31153160333633423,-0.79296875,0,0,0.2802939321193906,english,comment,True,adjudicator,2-1,0,1
t1_p5e0sq3,1,0.23161423206329346,-1.19921875,0,0,0.1937040359393995,taglish,comment,True,majority,3-0,1,1
t1_p5e7f1a,0,0.05460060387849808,-2.8515625,0,0,0.032574822439776274,taglish,comment,True,unanimous,3-0,0,0
t1_p5e96xb,0,0.10158944875001907,-2.1796875,0,0,0.06964859230454833,taglish,comment,True,majority,3-0,0,0
t1_p5efbw8,0,0.051082734018564224,-2.921875,0,0,0.030040304998998214,english,comment,True,majority,3-0,0,0
t1_p5ei18d,0,0.24364246428012848,-1.1328125,0,0,0.20633691787009387,tagalog,comment,True,adjudicator,2-1,0,0
t1_p5ej66o,0,0.10017221421003342,-2.1953125,0,0,0.06845414922004703,taglish,comment,True,adjudicator,2-1,0,0
t1_p5eljbe,0,0.03817827254533768,-3.2265625,0,0,0.021102176500596717,taglish,comment,True,unanimous,3-0,0,0
t1_p5eq1rz,0,0.057918090373277664,-2.7890625,0,0,0.0350002388124042,taglish,comment,True,majority,3-0,0,0
t1_p5eq471,0,0.5246953368186951,0.0988616943359375,1,1,0.5293579498823249,tagalog,comment,True,adjudicator,2-1,0,0
t1_p5er79z,0,0.1041124165058136,-2.15234375,0,0,0.07178535614676056,taglish,comment,True,unanimous,3-0,0,0
t1_p5ergfp,0,0.44613268971443176,-0.21630859375,0,0,0.43604335076383055,english,comment,True,adjudicator,2-1,0,1
t1_p5etm2t,0,0.13251455128192902,-1.87890625,0,0,0.09670285118004486,taglish,comment,True,majority,3-0,0,0
t1_p5etwso,0,0.03817827254533768,-3.2265625,0,0,0.021102176500596717,taglish,comment,True,majority,3-0,0,0
t1_p5evp5a,1,0.5630176067352295,0.25341796875,1,1,0.5747765232122766,taglish,comment,True,majority,3-0,1,1
t1_p5evs12,0,0.2254166156053543,-1.234375,0,0,0.18725782320003567,tagalog,comment,True,adjudicator,2-1,0,1
t1_p5ez20f,0,0.26626187562942505,-1.013671875,0,0,0.23050430741959332,english,comment,True,adjudicator,2-1,0,0
t1_p5ez526,0,0.09534946829080582,-2.25,0,0,0.06442159748646398,taglish,comment,True,unanimous,3-0,0,0
t1_p5ezlzq,0,0.043042849749326706,-3.1015625,0,0,0.02440165070190581,taglish,comment,True,unanimous,3-0,0,0
t1_p5f4dar,0,0.26894140243530273,-1.0,0,0,0.23340077261295322,english,comment,True,unanimous,3-0,0,0
t1_p5f50xn,0,0.2632204294204712,-1.029296875,0,0,0.22722500865214892,taglish,comment,True,unanimous,3-0,0,0
t1_p5f5e8r,0,0.2166738063097,-1.28515625,0,0,0.1782400686203205,tagalog,comment,True,adjudicator,2-1,0,0
t1_p5f7dns,0,0.7799928784370422,1.265625,1,1,0.8183324427397869,tagalog,comment,True,adjudicator,2-1,0,0
t1_p5f8utp,0,0.25832599401474,-1.0546875,0,0,0.2219667130547865,english,comment,True,majority,3-0,0,0
t1_p5f9534,0,0.26626187562942505,-1.013671875,0,0,0.23050430741959332,english,comment,True,unanimous,3-0,0,0
t1_p5f98ex,0,0.06656918674707413,-2.640625,0,0,0.04147717744372475,taglish,comment,True,unanimous,3-0,0,0
t1_p5f9wh2,0,0.4132404029369354,-0.3505859375,0,0,0.39725417117842576,taglish,comment,True,majority,3-0,0,0
t1_p5faek8,0,0.30033501982688904,-0.845703125,0,0,0.2678190389273684,english,comment,True,majority,3-0,0,0
t1_p5fb6ya,0,0.801314651966095,1.39453125,1,1,0.8400212888872336,english,comment,True,adjudicator,2-1,0,0
t1_p5fbzvy,0,0.227469339966774,-1.22265625,0,0,0.18938802847167951,tagalog,comment,True,majority,3-0,0,0
t1_p5fciax,0,0.2024431973695755,-1.37109375,0,0,0.16375989989982115,taglish,comment,True,majority,3-0,0,0
t1_p5feovv,0,0.5827285051345825,0.333984375,1,1,0.5980091181186246,tagalog,comment,True,adjudicator,2-1,0,0
t1_p5fexch,0,0.3015676736831665,-0.83984375,0,0,0.2691876186443623,tagalog,comment,True,adjudicator,2-1,0,1
t1_p5fgvsq,1,0.4099293053150177,-0.3642578125,0,0,0.39336771462083486,taglish,comment,True,majority,3-0,1,1
t1_p5fjklt,1,0.382602721452713,-0.478515625,0,0,0.3614550951514861,taglish,comment,True,majority,3-0,1,1
t1_p5fl88v,0,0.2422056347131729,-1.140625,0,0,0.20481960812554317,tagalog,comment,True,unanimous,3-0,0,0
t1_p5fngij,0,0.2133771777153015,-1.3046875,0,0,0.17486342782423037,tagalog,comment,True,majority,3-0,0,0
t1_p5fp0is,0,0.1561048924922943,-1.6875,0,0,0.11849216951692895,english,comment,True,adjudicator,2-1,0,0
t1_p5fpvqy,0,0.2146914005279541,-1.296875,0,0,0.1762079968309175,taglish,comment,True,unanimous,3-0,0,0
t1_p5fu46f,0,0.24364246428012848,-1.1328125,0,0,0.20633691787009387,english,comment,True,majority,3-0,0,0
t1_p5fv6sf,1,0.30777397751808167,-0.810546875,0,0,0.2760964086860393,english,comment,True,adjudicator,2-1,1,1
t1_p5fzzes,0,0.08756383508443832,-2.34375,0,0,0.05801956760606101,taglish,comment,True,adjudicator,2-1,0,1
t1_p5g0w8c,1,0.6078959703445435,0.4384765625,1,1,0.6274842957216569,english,comment,True,adjudicator,2-1,1,1
t1_p5g20k7,0,0.07211221009492874,-2.5546875,0,0,0.045736090655904414,taglish,comment,True,majority,3-0,0,0
t1_p5g9bus,0,0.13161905109882355,-1.88671875,0,0,0.09589433239208944,english,comment,True,adjudicator,2-1,0,1
t1_p5gpret,1,0.7021217346191406,0.857421875,1,1,0.7349048455976925,taglish,comment,True,unanimous,3-0,1,1
t1_p5gu672,1,0.2857704162597656,-0.916015625,0,0,0.25174403175156457,taglish,comment,True,majority,3-0,1,1
t1_p5gv2tw,0,0.15713684260845184,-1.6796875,0,0,0.11946604245344365,taglish,comment,True,unanimous,3-0,0,0
t1_p5h9wbt,1,0.44468531012535095,-0.22216796875,0,0,0.4343306206820957,english,comment,True,adjudicator,2-1,1,1
t1_p5hhth3,0,0.8652240633964539,1.859375,1,1,0.9012491718344303,tagalog,comment,True,adjudicator,2-1,0,1
t1_p5i1uq3,0,0.8807970285415649,2.0,1,1,0.9151664010928603,english,comment,True,adjudicator,2-1,0,1
t1_p5i2fit,1,0.5550734996795654,0.22119140625,1,1,0.5653840320395157,tagalog,comment,True,majority,3-0,1,1
t1_p5i2g2g,0,0.12210386991500854,-1.97265625,0,0,0.08739246587760305,english,comment,True,majority,3-0,0,0
t1_p5i3caa,0,0.1710611879825592,-1.578125,0,0,0.1327663659161135,taglish,comment,True,unanimous,3-0,0,0
t1_p5i4hvt,0,0.13206616044044495,-1.8828125,0,0,0.09629783366606852,taglish,comment,True,unanimous,3-0,0,0
t1_p5i6aid,0,0.1919327974319458,-1.4375,0,0,0.15323049600268016,taglish,comment,True,unanimous,3-0,0,0
t1_p5i6d5s,1,0.04240382835268974,-3.1171875,0,0,0.023963186354104462,taglish,comment,True,adjudicator,2-1,1,1
t1_p5i6jtj,0,0.06608537584543228,-2.6484375,0,0,0.04110937897992363,taglish,comment,True,majority,3-0,0,0
t1_p5i6y0k,0,0.47324636578559875,-0.10711669921875,0,0,0.4681970078797013,taglish,comment,True,adjudicator,2-1,0,0
t1_p5i6zrd,0,0.40969306230545044,-0.365234375,0,0,0.3930906200936395,tagalog,comment,True,adjudicator,2-1,0,0
t1_p5i91xr,1,0.06465348601341248,-2.671875,0,0,0.04002462434676582,taglish,comment,True,unanimous,3-0,1,1
t1_p5ia6ze,0,0.3315524458885193,-0.701171875,0,0,0.30283403436612816,english,comment,True,adjudicator,2-1,0,0
t1_p5iaxyo,0,0.348201721906662,-0.626953125,0,0,0.3217857876536957,english,comment,True,adjudicator,2-1,0,1
t1_p5ibfw2,0,0.09670579433441162,-2.234375,0,0,0.06555062865186623,taglish,comment,True,majority,3-0,0,0
t1_p5id8nt,0,0.2590751051902771,-1.05078125,0,0,0.22276998770213807,tagalog,comment,True,majority,3-0,0,0
t1_p5idg4g,0,0.037892427295446396,-3.234375,0,0,0.020911111553412874,taglish,comment,True,unanimous,3-0,0,0
t1_p5ie02z,0,0.23022674024105072,-1.20703125,0,0,0.19225711949003618,tagalog,comment,True,adjudicator,2-1,0,1
t1_p5ie04u,0,0.2553436756134033,-1.0703125,0,0,0.2187743429857775,tagalog,comment,True,adjudicator,3-0,0,0
t1_p5ih4jw,1,0.2575782835483551,-1.05859375,0,0,0.22116551068081566,taglish,comment,True,majority,3-0,1,1
t1_p5ih7nx,0,0.242923304438591,-1.13671875,0,0,0.20557722539198417,tagalog,comment,True,adjudicator,2-1,0,0
t1_p5ihcoy,0,0.1233656257390976,-1.9609375,0,0,0.08851034336362729,english,comment,True,adjudicator,2-1,0,1
t1_p5ihpji,0,0.14511536061763763,-1.7734375,0,0,0.10822663804439493,tagalog,comment,True,adjudicator,2-1,0,1
t1_p5iikoh,0,0.8413047790527344,1.66796875,1,1,0.8790601812863273,tagalog,comment,True,adjudicator,2-1,0,1
t1_p5iixis,0,0.8553685545921326,1.77734375,1,1,0.8922208853613373,taglish,comment,True,adjudicator,2-1,0,1
t1_p5iiyxz,0,0.16026602685451508,-1.65625,0,0,0.12242924812298399,tagalog,comment,True,majority,3-0,0,0
t1_p5ijgbc,1,0.8238958716392517,1.54296875,1,1,0.862345539881005,tagalog,comment,True,majority,3-0,1,1
t1_p5ijuh1,0,0.25832599401474,-1.0546875,0,0,0.2219667130547865,tagalog,comment,True,adjudicator,2-1,0,1
t1_p5ik2mt,0,0.6893056035041809,0.796875,1,1,0.7206422117441026,tagalog,comment,True,adjudicator,3-0,0,0
t1_p5ilagy,0,0.4801739454269409,-0.079345703125,0,1,0.47642786831221023,taglish,comment,True,unanimous,3-0,0,0
t1_p5ilowd,0,0.3302551507949829,-0.70703125,0,0,0.3013649333818726,english,comment,True,unanimous,3-0,0,0
t1_p5incbq,0,0.06954174488782883,-2.59375,0,0,0.043750912777153664,tagalog,comment,True,adjudicator,2-1,0,0
t1_p5inhrk,0,0.48718541860580444,-0.05126953125,0,1,0.4847621972276669,tagalog,comment,True,adjudicator,2-1,0,1
t1_p5inice,1,0.17838265001773834,-1.52734375,0,0,0.1398750609172413,taglish,comment,True,unanimous,3-0,1,1
t1_p5ipls8,0,0.13117322325706482,-1.890625,0,0,0.09549234318883322,taglish,comment,True,majority,3-0,0,0
t1_p5is9gx,0,0.1233656257390976,-1.9609375,0,0,0.08851034336362729,taglish,comment,True,adjudicator,2-1,0,1
t1_p5istnf,0,0.696784257888794,0.83203125,1,1,0.7289807516492082,taglish,comment,True,majority,3-0,0,0
t1_p5isuuo,0,0.26817408204078674,-1.00390625,0,0,0.23257063536016076,english,comment,True,adjudicator,2-1,0,0
t1_p5itg7e,1,0.44167301058769226,-0.234375,0,0,0.43076751061534596,english,comment,True,adjudicator,2-1,1,0
t1_p5iuqzb,0,0.13386748731136322,-1.8671875,0,0,0.09792704283216298,taglish,comment,True,unanimous,3-0,0,0
t1_p5ivil6,0,0.7424216866493225,1.05859375,1,1,0.7788344893191843,taglish,comment,True,adjudicator,2-1,0,0
t1_p5iwm00,0,0.7468782067298889,1.08203125,1,1,0.7835981554102407,tagalog,comment,True,unanimous,3-0,0,0
t1_p5iza8a,0,0.4946901798248291,-0.021240234375,0,1,0.49368557626251725,tagalog,comment,True,adjudicator,2-1,0,1
t1_p5izqx9,0,0.052618954330682755,-2.890625,0,0,0.031142267058074505,taglish,comment,True,majority,3-0,0,0
t1_p5j1wvv,0,0.053403329104185104,-2.875,0,0,0.03170782266449737,taglish,comment,True,majority,3-0,0,0
t1_p5j2bfc,0,0.046378206461668015,-3.0234375,0,0,0.02671391721377015,taglish,comment,True,majority,3-0,0,0
t1_p5j3i5t,0,0.1901218295097351,-1.44921875,0,0,0.15143100989332017,taglish,comment,True,unanimous,3-0,0,0
t1_p5j5ppr,0,0.2579519748687744,-1.056640625,0,0,0.22156585279485091,english,comment,True,unanimous,3-0,0,0
t1_p5j749a,0,0.07159119844436646,-2.5625,0,0,0.04533231241751324,taglish,comment,True,unanimous,3-0,0,0
t1_p5j7dsz,0,0.308190256357193,-0.80859375,0,0,0.27656087556159636,english,comment,True,unanimous,3-0,0,0
t1_p5j86c6,0,0.6141626238822937,0.46484375,1,1,0.63478392365499,english,comment,True,unanimous,3-0,0,0
t1_p5j8j22,0,0.06142404302954674,-2.7265625,0,0,0.03759922525176843,taglish,comment,True,unanimous,3-0,0,0
t1_p5j8lbu,0,0.23581157624721527,-1.17578125,0,0,0.1980943654117439,english,comment,True,unanimous,3-0,0,0
t1_p5j8rrn,0,0.1155608743429184,-2.03515625,0,0,0.08164358687344586,taglish,comment,True,majority,3-0,0,0
t1_p5j96ub,0,0.6361271142959595,0.55859375,1,1,0.660221996180036,english,comment,True,unanimous,3-0,0,0
t1_p5j9l6w,0,0.531209409236908,0.125,1,1,0.5370944408965144,english,comment,True,majority,3-0,0,0
t1_p5j9t65,0,0.1250653862953186,-1.9453125,0,0,0.09002092463390926,taglish,comment,True,unanimous,3-0,0,0
t1_p5ja9a6,0,0.06142404302954674,-2.7265625,0,0,0.03759922525176843,taglish,comment,True,unanimous,3-0,0,0
t1_p5jao1x,0,0.048496000468730927,-2.9765625,0,0,0.028202157952274754,taglish,comment,True,unanimous,3-0,0,0
t1_p5jarzz,0,0.21601152420043945,-1.2890625,0,0,0.17756067978225853,taglish,comment,True,unanimous,3-0,0,0
t1_p5jb0ue,1,0.35488012433052063,-0.59765625,0,0,0.3294359962682509,english,comment,True,adjudicator,2-1,1,1
t1_p5jb8nw,1,0.14903530478477478,-1.7421875,0,0,0.11186591410111141,taglish,comment,True,adjudicator,2-1,1,1
t1_p5jbbe2,0,0.11436852067708969,-2.046875,0,0,0.080604766499777,english,comment,True,unanimous,3-0,0,0
t1_p5jc4ju,0,0.2062538117170334,-1.34765625,0,0,0.16761262680904015,english,comment,True,adjudicator,2-1,0,0
t1_p5jccnb,0,0.08694165199995041,-2.3515625,0,0,0.05751388141327214,taglish,comment,True,majority,3-0,0,0
t1_p5jcdlc,0,0.053009770810604095,-2.8828125,0,0,0.031423813827606194,taglish,comment,True,unanimous,3-0,0,0
t1_p5jcfy6,0,0.10158944875001907,-2.1796875,0,0,0.06964859230454833,tagalog,comment,True,adjudicator,2-1,0,0
t1_p5jdpfi,0,0.07807817310094833,-2.46875,0,0,0.05040931448601174,english,comment,True,majority,3-0,0,0
t1_p5jdxsd,0,0.0443485863506794,-3.0703125,0,0,0.025302166841454924,english,comment,True,majority,3-0,0,0
t1_p5je0go,0,0.19253934919834137,-1.43359375,0,0,0.15383420454378288,english,comment,True,majority,3-0,0,0
t1_p5jexhg,0,0.08269734680652618,-2.40625,0,0,0.05408838736301812,english,comment,True,majority,3-0,0,0
t1_p5jfjqi,0,0.07585818320512772,-2.5,0,0,0.04865983298681335,english,comment,True,adjudicator,2-1,0,0
t1_p5jglh8,0,0.18010665476322174,-1.515625,0,0,0.14156013359998557,tagalog,comment,True,adjudicator,2-1,0,0
t1_p5jhey8,0,0.16079242527484894,-1.65234375,0,0,0.12292922103031796,english,comment,True,majority,3-0,0,0
t1_p5jhm4c,0,0.12421301752328873,-1.953125,0,0,0.08926275180885183,tagalog,comment,True,adjudicator,2-1,0,0
t1_p5jhy3n,0,0.4208376109600067,-0.3193359375,0,0,0.4061856110162913,taglish,comment,True,unanimous,3-0,0,0
t1_p5ji7am,0,0.12378870695829391,-1.95703125,0,0,0.08888582912579047,english,comment,True,majority,3-0,0,0
t1_p5jimtp,1,0.5943158864974976,0.3818359375,1,1,0.6116093297940426,taglish,comment,True,majority,3-0,1,1
t1_p5jiql7,0,0.0541987307369709,-2.859375,0,0,0.032283306749067146,english,comment,True,majority,3-0,0,0
t1_p5jiwo4,0,0.038756195455789566,-3.2109375,0,0,0.021489444337887676,english,comment,True,majority,3-0,0,0
t1_p5jj6g4,0,0.30777397751808167,-0.810546875,0,0,0.2760964086860393,english,comment,True,adjudicator,2-1,0,0
t1_p5jjd81,0,0.1550784707069397,-1.6953125,0,0,0.11752517586925505,taglish,comment,True,majority,3-0,0,0
t1_p5jjvc9,0,0.5047606229782104,0.01904296875,1,1,0.5056612665391298,english,comment,True,majority,3-0,0,0
t1_p5jk1q2,0,0.03934250399470329,-3.1953125,0,0,0.021883660443981507,english,comment,True,majority,3-0,0,0
t1_p5jkezm,0,0.14903530478477478,-1.7421875,0,0,0.11186591410111141,english,comment,True,majority,3-0,0,0
t1_p5jl3dg,0,0.06705629080533981,-2.6328125,0,0,0.041848122926036804,taglish,comment,True,majority,3-0,0,0
t1_p5jlwpx,0,0.4743952453136444,-0.102508544921875,0,0,0.46956171208846365,tagalog,comment,True,majority,3-0,0,0
t1_p5jmhqm,0,0.06233103200793266,-2.7109375,0,0,0.03827740899962687,taglish,comment,True,unanimous,3-0,0,0
t1_p5jmmrx,1,0.1555909961462021,-1.69140625,0,0,0.11800781473740685,taglish,comment,True,majority,3-0,1,1
t1_p5jnnz5,1,0.4902661144733429,-0.0389404296875,0,1,0.4884250094163397,tagalog,comment,True,adjudicator,2-1,1,1
t1_p5jo7kp,0,0.5464961528778076,0.1865234375,1,1,0.5552274937791002,tagalog,comment,True,adjudicator,2-1,0,0
t1_p5jpg3o,0,0.10894505679607391,-2.1015625,0,0,0.07591476764285741,tagalog,comment,True,adjudicator,2-1,0,0
t1_p5jpj4g,0,0.06705629080533981,-2.6328125,0,0,0.041848122926036804,taglish,comment,True,unanimous,3-0,0,0
t1_p5jpltc,0,0.3246634900569916,-0.732421875,0,0,0.2950459939964402,english,comment,True,majority,3-0,0,0
t1_p5jposm,0,0.7711548805236816,1.21484375,1,1,0.8091815467315095,tagalog,comment,True,majority,3-0,0,0
t1_p5jppg0,0,0.21535076200962067,-1.29296875,0,0,0.17688332312870622,english,comment,True,majority,3-0,0,0
t1_p5jq0y1,0,0.1030244380235672,-2.1640625,0,0,0.07086229158137215,tagalog,comment,True,majority,3-0,0,0
t1_p5jsxyn,0,0.14080817997455597,-1.80859375,0,0,0.10425718501166209,taglish,comment,True,unanimous,3-0,0,0
t1_p5l09b4,0,0.2260994017124176,-1.23046875,0,0,0.18796583568980396,tagalog,comment,True,adjudicator,2-1,0,0
t1_p5l64f2,0,0.031143829226493835,-3.4375,0,0,0.01649769255800686,taglish,comment,True,majority,3-0,0,0
t1_p5l9l30,0,0.167763352394104,-1.6015625,0,0,0.12958991251933116,taglish,comment,True,majority,3-0,0,0
t1_p5mnhwc,0,0.09947021305561066,-2.203125,0,0,0.06786406952368582,english,comment,True,majority,3-0,0,0
t1_p5mred0,1,0.1398656666278839,-1.81640625,0,0,0.10339273498164307,tagalog,comment,True,majority,3-0,1,1
t1_p5mtyx6,0,0.16885694861412048,-1.59375,0,0,0.13064147879328844,taglish,comment,True,majority,3-0,0,0
t1_p5n1l17,0,0.043691061437129974,-3.0859375,0,0,0.02484793357009328,tagalog,comment,True,majority,3-0,0,0
t1_p5n5gge,0,0.08570928126573563,-2.3671875,0,0,0.05651490184896655,english,comment,True,majority,3-0,0,0
t1_p5nc9gc,0,0.055005285888910294,-2.84375,0,0,0.03286888108470324,taglish,comment,True,adjudicator,3-0,0,0
t1_p5nerzx,0,0.07640768587589264,-2.4921875,0,0,0.04909172560109891,taglish,comment,True,unanimous,3-0,0,0
t1_p5ngq2s,0,0.11436852067708969,-2.046875,0,0,0.080604766499777,english,comment,True,adjudicator,2-1,0,0
t1_p5oca33,0,0.0753123015165329,-2.5078125,0,0,0.048231547295565495,taglish,comment,True,majority,3-0,0,0
t1_p5oeand,0,0.07159119844436646,-2.5625,0,0,0.04533231241751324,english,comment,True,majority,3-0,0,0
t1_p5omyji,0,0.18653921782970428,-1.47265625,0,0,0.14788415054710619,taglish,comment,True,majority,3-0,0,0
t1_p5os1rk,0,0.07055959850549698,-2.578125,0,0,0.044534920969878176,taglish,comment,True,unanimous,3-0,0,0
t1_p5owd5p,0,0.1127954050898552,-2.0625,0,0,0.07923843277157519,english,comment,True,majority,3-0,0,0
t1_p5owqcx,0,0.5198869705200195,0.07958984375,1,1,0.5236445533111003,english,comment,True,unanimous,3-0,0,0
t1_p5oyf3u,0,0.046378206461668015,-3.0234375,0,0,0.02671391721377015,taglish,comment,True,unanimous,3-0,0,0
t1_p5oyw7y,0,0.06560484319925308,-2.65625,0,0,0.04074470332833299,taglish,comment,True,majority,3-0,0,0
t1_p5p0mea,0,0.04054073989391327,-3.1640625,0,0,0.022693414415872554,taglish,comment,True,unanimous,3-0,0,0
t1_p5p0sau,0,0.04778006672859192,-2.9921875,0,0,0.027697342436360083,taglish,comment,True,majority,3-0,0,0
t1_p5p2vrj,0,0.0384661927819252,-3.21875,0,0,0.02129494923941199,taglish,comment,True,majority,3-0,0,0
t1_p5p4oyd,0,0.08509904891252518,-2.375,0,0,0.0560215500647655,english,comment,True,majority,3-0,0,0
t1_p5palw7,0,0.6918097734451294,0.80859375,1,1,0.7234391244384036,english,comment,True,adjudicator,2-1,0,0
t1_p5pbwr5,0,0.23651622235774994,-1.171875,0,0,0.19883332662721606,english,comment,True,majority,3-0,0,0
t1_p5pckpz,0,0.11240508407354355,-2.06640625,0,0,0.07890017188740639,taglish,comment,True,unanimous,3-0,0,0
t1_p5pd45a,0,0.16995622217655182,-1.5859375,0,0,0.1317002869592887,tagalog,comment,True,majority,3-0,0,0
t1_p5pdlh3,0,0.04922211542725563,-2.9609375,0,0,0.028715902567485067,taglish,comment,True,unanimous,3-0,0,0
t1_p5pfccl,0,0.034618839621543884,-3.328125,0,0,0.018746386650390617,english,comment,True,majority,3-0,0,0
t1_p5phn5i,0,0.053799647837877274,-2.8671875,0,0,0.03199431358709801,taglish,comment,True,majority,3-0,0,0
t1_p5pjwsh,0,0.13072869181632996,-1.89453125,0,0,0.09509186188570753,english,comment,True,majority,3-0,0,0
t1_p5pqaac,0,0.04958902671933174,-2.953125,0,0,0.02897616944174692,taglish,comment,True,majority,3-0,0,0
t1_p5psqr6,0,0.09073548763990402,-2.3046875,0,0,0.060611142133322325,english,comment,True,majority,3-0,0,0
t1_p5pvzu8,0,0.08151976019144058,-2.421875,0,0,0.05314555140233081,taglish,comment,True,unanimous,3-0,0,0
t1_p5pw7vm,0,0.048496000468730927,-2.9765625,0,0,0.028202157952274754,tagalog,comment,True,adjudicator,2-1,0,0
t1_p5pzo7z,0,0.039048291742801666,-3.203125,0,0,0.021685676475538766,english,comment,True,majority,3-0,0,0
t1_p5pzvsc,0,0.05964693799614906,-2.7578125,0,0,0.03627734018714017,taglish,comment,True,unanimous,3-0,0,0
t1_p5q0afk,1,0.15869519114494324,-1.66796875,0,0,0.12093981871367271,taglish,comment,True,adjudicator,2-1,1,1
t1_p5q49b4,0,0.04569203034043312,-3.0390625,0,0,0.026235021877055197,taglish,comment,True,majority,3-0,0,0
t1_p5q7qs6,0,0.28776782751083374,-0.90625,0,0,0.2539379272430908,english,comment,True,unanimous,3-0,0,0
t1_p5qcx9f,0,0.06418264657258987,-2.6796875,0,0,0.03966917331429503,english,comment,True,majority,3-0,0,0
t1_p5qgju6,0,0.1761041283607483,-1.54296875,0,0,0.13765446011899501,taglish,comment,True,adjudicator,2-1,0,0
t1_p5qheju,0,0.6553360223770142,0.642578125,1,1,0.6822559027375811,tagalog,comment,True,adjudicator,2-1,0,0
t1_p5qlj6c,0,0.06512754410505295,-2.6640625,0,0,0.04038312642469323,english,comment,True,majority,3-0,0,0
t1_p5qmfzz,0,0.046378206461668015,-3.0234375,0,0,0.02671391721377015,taglish,comment,True,unanimous,3-0,0,0
t1_p5qo88c,0,0.043691061437129974,-3.0859375,0,0,0.02484793357009328,taglish,comment,True,unanimous,3-0,0,0
t1_p5qp88r,0,0.10594828426837921,-2.1328125,0,0,0.07334847937341782,taglish,comment,True,unanimous,3-0,0,0
t1_p5qpka7,0,0.049958519637584686,-2.9453125,0,0,0.02923872423616433,taglish,comment,True,majority,3-0,0,0
t1_p5qt44u,0,0.2075357586145401,-1.33984375,0,0,0.16891285576547088,english,comment,True,majority,3-0,0,0
t1_p5qtu2j,0,0.0753123015165329,-2.5078125,0,0,0.048231547295565495,taglish,comment,True,adjudicator,2-1,0,1
t1_p5qvcar,0,0.10781263560056686,-2.11328125,0,0,0.0749428914446669,english,comment,True,majority,3-0,0,0
t1_p5qyx14,0,0.07696083933115005,-2.484375,0,0,0.04952725201987752,english,comment,True,adjudicator,2-1,0,0
t1_p5r0ktr,0,0.10669060051441193,-2.125,0,0,0.07398246128035708,taglish,comment,True,unanimous,3-0,0,0
t1_p5r80av,0,0.06371499598026276,-2.6875,0,0,0.03931674968895177,english,comment,True,majority,3-0,0,0
t1_p5r8a6g,0,0.05877655744552612,-2.7734375,0,0,0.03563327988170935,taglish,comment,True,majority,3-0,0,0
t1_p5radv6,0,0.043365802615880966,-3.09375,0,0,0.02462380662368835,taglish,comment,True,majority,3-0,0,0
t1_p5rb0d1,0,0.04672495648264885,-3.015625,0,0,0.026956542661305673,tagalog,comment,True,majority,3-0,0,0
t1_p5rb5uc,0,0.11357959359884262,-2.0546875,0,0,0.07991893336456696,taglish,comment,True,majority,3-0,0,0
t1_p5rboo5,0,0.16885694861412048,-1.59375,0,0,0.13064147879328844,english,comment,True,majority,3-0,0,0
t1_p5rbv9j,0,0.1919327974319458,-1.4375,0,0,0.15323049600268016,taglish,comment,True,adjudicator,2-1,0,0
t1_p5rdnit,0,0.06097517907619476,-2.734375,0,0,0.03726447760073885,english,comment,True,majority,3-0,0,0
t1_p5rdwsw,0,0.07696083933115005,-2.484375,0,0,0.04952725201987752,taglish,comment,True,adjudicator,2-1,0,0
t1_p5req1g,0,0.06512754410505295,-2.6640625,0,0,0.04038312642469323,tagalog,comment,True,adjudicator,2-1,0,0
t1_p5rmtyk,0,0.2546016275882721,-1.07421875,0,0,0.21798143525418545,taglish,comment,True,majority,3-0,0,0
t1_p5rojos,0,0.13251455128192902,-1.87890625,0,0,0.09670285118004486,taglish,comment,True,unanimous,3-0,0,0
t1_p5roqqv,0,0.3736472427845001,-0.5166015625,0,0,0.35106839731525696,english,comment,True,majority,3-0,0,0
t1_p5rot3a,0,0.3363310694694519,-0.6796875,0,0,0.3082551742343961,taglish,comment,True,adjudicator,2-1,0,0
t1_p5rovkq,1,0.3974705934524536,-0.416015625,0,0,0.37878023146943907,english,comment,True,adjudicator,2-1,1,1
t1_p5rovuh,1,0.6329566240310669,0.544921875,1,1,0.6565652564590702,english,comment,True,majority,3-0,1,1
t1_p5rp0ff,0,0.07477004826068878,-2.515625,0,0,0.04780684178428329,taglish,comment,True,unanimous,3-0,0,0
t1_p5rp9di,0,0.3023911118507385,-0.8359375,0,0,0.2701024554527323,english,comment,True,adjudicator,2-1,0,0
t1_p5rp9n2,0,0.25312182307243347,-1.08203125,0,0,0.2164018445897593,taglish,comment,True,majority,3-0,0,0
t1_p5rp9nu,0,0.06097517907619476,-2.734375,0,0,0.03726447760073885,taglish,comment,True,unanimous,3-0,0,0
t1_p5rpg8i,0,0.14175598323345184,-1.80078125,0,0,0.10512801513518803,taglish,comment,True,majority,3-0,0,0
t1_p5rpqpe,0,0.2166738063097,-1.28515625,0,0,0.1782400686203205,tagalog,comment,True,adjudicator,2-1,0,0
t1_p5rq04g,0,0.25608712434768677,-1.06640625,0,0,0.21956932511528995,english,comment,True,majority,3-0,0,0
t1_p5rq1km,0,0.07055959850549698,-2.578125,0,0,0.044534920969878176,taglish,comment,True,unanimous,3-0,0,0
t1_p5rqxre,0,0.055005285888910294,-2.84375,0,0,0.03286888108470324,tagalog,comment,True,majority,3-0,0,0
t1_p5rr64z,0,0.12808823585510254,-1.91796875,0,0,0.09272040628315757,taglish,comment,True,majority,3-0,0,0
t1_p5rr8fc,0,0.09947021305561066,-2.203125,0,0,0.06786406952368582,tagalog,comment,True,unanimous,3-0,0,0
t1_p5rs2dr,0,0.08509904891252518,-2.375,0,0,0.0560215500647655,taglish,comment,True,unanimous,3-0,0,0
t1_p5rtmmq,0,0.319121390581131,-0.7578125,0,0,0.2888047775713909,english,comment,True,adjudicator,3-0,0,0
t1_p5ru3xv,0,0.16940587759017944,-1.58984375,0,0,0.13116997582821324,taglish,comment,True,unanimous,3-0,0,0
t1_p5rvhz0,1,0.13161905109882355,-1.88671875,0,0,0.09589433239208944,taglish,comment,True,majority,3-0,1,1
t1_p5rvjli,0,0.0541987307369709,-2.859375,0,0,0.032283306749067146,taglish,comment,True,majority,3-0,0,0
t1_p5rwjuo,0,0.16667540371418,-1.609375,0,0,0.128545559011782,taglish,comment,True,unanimous,3-0,0,0
t1_p5rxsc5,0,0.06954174488782883,-2.59375,0,0,0.043750912777153664,english,comment,True,majority,3-0,0,0
t1_p5rxwkl,0,0.056236349046230316,-2.8203125,0,0,0.03376652104915705,english,comment,True,majority,3-0,0,0
t1_p5ryfw1,0,0.07751766592264175,-2.4765625,0,0,0.04996643926255239,taglish,comment,True,majority,3-0,0,0
t1_p5s0ie8,1,0.07055959850549698,-2.578125,0,0,0.044534920969878176,taglish,comment,True,adjudicator,2-1,1,1
t1_p5s1hvo,0,0.8074606657028198,1.43359375,1,1,0.8461657954562171,tagalog,comment,True,unanimous,3-0,0,0
t1_p5s1n9m,0,0.8294920325279236,1.58203125,1,1,0.8677675842082792,taglish,comment,True,majority,3-0,0,0
t1_p5s1y99,0,0.0792103260755539,-2.453125,0,0,0.05130623818728736,taglish,comment,True,unanimous,3-0,0,0
t1_p5s22l7,0,0.09807931631803513,-2.21875,0,0,0.06669803620588204,english,comment,True,majority,3-0,0,0
t1_p5s23c6,0,0.09073548763990402,-2.3046875,0,0,0.060611142133322325,taglish,comment,True,unanimous,3-0,0,0
t1_p5s2ufl,0,0.5853382349014282,0.3447265625,1,1,0.601076196853906,taglish,comment,True,unanimous,3-0,0,0
t1_p5s4j66,1,0.32124704122543335,-0.748046875,0,0,0.2911959580068745,english,comment,True,adjudicator,2-1,1,0
t1_p5s5mjv,0,0.1980641782283783,-1.3984375,0,0,0.1593554302295759,taglish,comment,True,majority,3-0,0,0
t1_p5s5z5a,0,0.31573596596717834,-0.7734375,0,0,0.28500325723545017,tagalog,comment,True,adjudicator,2-1,0,1
t1_p5savzs,1,0.5399536490440369,0.16015625,1,1,0.5474713243608719,english,comment,True,adjudicator,2-1,1,0
t1_p5sbgsf,0,0.13753247261047363,-1.8359375,0,0,0.10125930636639541,taglish,comment,True,majority,3-0,0,0
t1_p5se4w6,0,0.34466397762298584,-0.642578125,0,0,0.3177440972624189,english,comment,True,majority,3-0,0,0
t1_p5seo1m,0,0.24944725632667542,-1.1015625,0,0,0.21248919309360778,english,comment,True,adjudicator,2-1,0,0
t1_p5sotw5,0,0.13477592170238495,-1.859375,0,0,0.09875082816556968,taglish,comment,True,majority,3-0,0,0
t1_p5tmwe1,0,0.4777217209339142,-0.08917236328125,0,0,0.4735137139072219,english,comment,True,unanimous,3-0,0,0
t1_p5tokt2,0,0.048496000468730927,-2.9765625,0,0,0.028202157952274754,english,comment,True,majority,3-0,0,0
t1_p5u1w84,0,0.08632347732782364,-2.359375,0,0,0.05701233591734254,taglish,comment,True,adjudicator,2-1,0,0
t1_p5ug01j,0,0.06142404302954674,-2.7265625,0,0,0.03759922525176843,taglish,comment,True,majority,3-0,0,0
t1_p5uu9ss,0,0.04023794084787369,-3.171875,0,0,0.022488272944621714,taglish,comment,True,majority,3-0,0,0
t1_p5vixtt,0,0.19744443893432617,-1.40234375,0,0,0.15873411879810068,taglish,comment,True,majority,3-0,0,0
t1_p5w0u8l,0,0.035678550601005554,-3.296875,0,0,0.019442360612470913,taglish,comment,True,majority,3-0,0,0
t1_p5wj2ku,0,0.2590751051902771,-1.05078125,0,0,0.22276998770213807,english,comment,True,adjudicator,2-1,0,1
t1_p5wsvyx,0,0.7793218493461609,1.26171875,1,1,0.8176408242568847,tagalog,comment,True,adjudicator,2-1,0,0
t1_p5wvdca,1,0.722527027130127,0.95703125,1,1,0.7573321645183662,taglish,comment,True,unanimous,3-0,1,1
t1_p5x1ccr,0,0.0753123015165329,-2.5078125,0,0,0.048231547295565495,tagalog,comment,True,adjudicator,2-1,0,0
t1_p5x4bpa,0,0.553022563457489,0.212890625,1,1,0.5629568488654435,tagalog,comment,True,adjudicator,2-1,0,1
t1_p5xl909,0,0.1200256198644638,-1.9921875,0,0,0.08555768589386153,english,comment,True,majority,3-0,0,0
t1_p5xu1jd,0,0.1475551873445511,-1.75390625,0,0,0.11048881459154881,tagalog,comment,True,majority,3-0,0,0
t1_p5xy6zh,0,0.06371499598026276,-2.6875,0,0,0.03931674968895177,taglish,comment,True,majority,3-0,0,0
t1_p5xzcvn,0,0.03514484316110611,-3.3125,0,0,0.01909126413049286,taglish,comment,True,unanimous,3-0,0,0
t1_p5y114p,0,0.09947021305561066,-2.203125,0,0,0.06786406952368582,taglish,comment,True,unanimous,3-0,0,0
t1_p5y3rii,0,0.05665242671966553,-2.8125,0,0,0.03407095850108584,taglish,comment,True,majority,3-0,0,0
t1_p5y72o7,0,0.12168575078248978,-1.9765625,0,0,0.08702268607948023,english,comment,True,majority,3-0,0,0
t1_p5ycfpn,0,0.06465348601341248,-2.671875,0,0,0.04002462434676582,taglish,comment,True,unanimous,3-0,0,0
t1_p5yh286,0,0.1766716092824936,-1.5390625,0,0,0.13820681727981968,taglish,comment,True,majority,3-0,0,0
t1_p5yh2b0,0,0.11920293420553207,-2.0,0,0,0.08483359890713962,english,comment,True,majority,3-0,0,0
t1_p5yhc7b,0,0.04603390395641327,-3.03125,0,0,0.026473416130691544,taglish,comment,True,unanimous,3-0,0,0
t1_p5yhue3,0,0.11716747283935547,-2.01953125,0,0,0.08304765282226657,taglish,comment,True,majority,3-0,0,0
t1_p5ytdtr,0,0.16451646387577057,-1.625,0,0,0.12647837269938303,taglish,comment,True,majority,3-0,0,0
t1_p5z07j5,0,0.4938357472419739,-0.024658203125,0,1,0.4926695976148165,english,comment,True,adjudicator,2-1,0,0
t1_p5z09ya,0,0.20689406991004944,-1.34375,0,0,0.16826173943852138,english,comment,True,majority,3-0,0,0
t1_p5z1onc,0,0.1475551873445511,-1.75390625,0,0,0.11048881459154881,taglish,comment,True,unanimous,3-0,0,0
t1_p5z1pun,0,0.5760650634765625,0.306640625,1,1,0.5901678283925939,tagalog,comment,True,adjudicator,3-0,0,0
t1_p5z1rj5,0,0.6884683966636658,0.79296875,1,1,0.7197060678806094,tagalog,comment,True,adjudicator,2-1,0,0
t1_p5z1umr,0,0.7772998809814453,1.25,1,1,0.8155536983291803,tagalog,comment,True,majority,3-0,0,0
t1_p5z2jse,0,0.038756195455789566,-3.2109375,0,0,0.021489444337887676,taglish,comment,True,majority,3-0,0,0
t1_p5z2t5f,0,0.03649376332759857,-3.2734375,0,0,0.019980901537218175,taglish,comment,True,unanimous,3-0,0,0
t1_p5z2zvd,1,0.8397339582443237,1.65625,1,1,0.877570751877016,tagalog,comment,True,majority,3-0,1,1
t1_p5z3fwx,0,0.039048291742801666,-3.203125,0,0,0.021685676475538766,taglish,comment,True,unanimous,3-0,0,0
t1_p5z3w01,0,0.10818895697593689,-2.109375,0,0,0.07526557298266562,taglish,comment,True,unanimous,3-0,0,0
t1_p5z4so5,0,0.0443485863506794,-3.0703125,0,0,0.025302166841454924,taglish,comment,True,unanimous,3-0,0,0
t1_p5z5ipw,0,0.23863890767097473,-1.16015625,0,0,0.2010626362058817,tagalog,comment,True,adjudicator,3-0,0,0
t1_p5z79pk,0,0.06142404302954674,-2.7265625,0,0,0.03759922525176843,taglish,comment,True,adjudicator,2-1,0,0
t1_p5z7dkf,0,0.23370636999607086,-1.1875,0,0,0.19588989753197228,taglish,comment,True,unanimous,3-0,0,0
t1_p5z7q2j,0,0.16885694861412048,-1.59375,0,0,0.13064147879328844,taglish,comment,True,majority,3-0,0,0
t1_p5z8f79,0,0.7329742908477783,1.009765625,1,1,0.7686707076345276,taglish,comment,True,adjudicator,2-1,0,0
t1_p5z8ue3,0,0.09334688633680344,-2.2734375,0,0,0.06276196510726108,taglish,comment,True,majority,3-0,0,0
t1_p5z998y,0,0.16995622217655182,-1.5859375,0,0,0.1317002869592887,taglish,comment,True,adjudicator,3-0,0,0
t1_p5z9z6z,0,0.07263670861721039,-2.546875,0,0,0.04614329154291316,taglish,comment,True,adjudicator,3-0,0,0
t1_p5za4gp,0,0.17895588278770447,-1.5234375,0,0,0.1404348774511225,taglish,comment,True,adjudicator,3-0,0,0
t1_p5zafuy,0,0.2186693549156189,-1.2734375,0,0,0.18029044603254593,english,comment,True,majority,3-0,0,0
t1_p5zajnv,0,0.05460060387849808,-2.8515625,0,0,0.032574822439776274,taglish,comment,True,majority,3-0,0,0
t1_p5zb1aa,0,0.13660839200019836,-1.84375,0,0,0.10041692671245497,taglish,comment,True,unanimous,3-0,0,0
t1_p5zblr6,0,0.6909762620925903,0.8046875,1,1,0.7225087441600682,tagalog,comment,True,adjudicator,2-1,0,0
t1_p5zbsyw,0,0.16079242527484894,-1.65234375,0,0,0.12292922103031796,taglish,comment,True,majority,3-0,0,0
t1_p5zca8w,0,0.057918090373277664,-2.7890625,0,0,0.0350002388124042,taglish,comment,True,majority,3-0,0,0
t1_p5zegy3,0,0.3376401960849762,-0.673828125,0,0,0.3097429722247828,taglish,comment,True,majority,3-0,0,0
t1_p5zgd61,0,0.18476749956607819,-1.484375,0,0,0.14613661444592327,english,comment,True,majority,3-0,0,0
t1_p5zhwji,0,0.13117322325706482,-1.890625,0,0,0.09549234318883322,taglish,comment,True,unanimous,3-0,0,0
t1_p5zi6km,0,0.03258974477648735,-3.390625,0,0,0.01742697498721133,taglish,comment,True,unanimous,3-0,0,0
t1_p5zl5v6,0,0.8413047790527344,1.66796875,1,1,0.8790601812863273,taglish,comment,True,majority,3-0,0,0
t1_p5zu0gn,0,0.058345843106508255,-2.78125,0,0,0.035315392862957325,taglish,comment,True,unanimous,3-0,0,0
t1_p5zvoje,0,0.05223086103796959,-2.8984375,0,0,0.0308631624724487,taglish,comment,True,majority,3-0,0,0
t1_p5zzaj2,0,0.1901218295097351,-1.44921875,0,0,0.15143100989332017,taglish,comment,True,adjudicator,2-1,0,1
t1_p602o0j,0,0.04742587357759476,-3.0,0,0,0.027448237421121728,taglish,comment,True,unanimous,3-0,0,0
t1_p60419u,0,0.11436852067708969,-2.046875,0,0,0.080604766499777,taglish,comment,True,adjudicator,2-1,0,0
t1_p607m5q,0,0.09203286468982697,-2.2890625,0,0,0.06167779505094783,taglish,comment,True,unanimous,3-0,0,0
t1_p60c9w7,0,0.04742587357759476,-3.0,0,0,0.027448237421121728,taglish,comment,True,unanimous,3-0,0,0
t1_p60h4k2,0,0.10818895697593689,-2.109375,0,0,0.07526557298266562,taglish,comment,True,unanimous,3-0,0,0
t1_p60ini5,1,0.32766830921173096,-0.71875,0,0,0.29843893332200516,english,comment,True,majority,3-0,1,1
t1_p60ltlu,0,0.07055959850549698,-2.578125,0,0,0.044534920969878176,english,comment,True,majority,3-0,0,0
t1_p60m9a1,0,0.037326887249946594,-3.25,0,0,0.020534047315554225,taglish,comment,True,majority,3-0,0,0
t1_p60mlo8,0,0.04778006672859192,-2.9921875,0,0,0.027697342436360083,taglish,comment,True,unanimous,3-0,0,0
t1_p60muff,0,0.1535491645336151,-1.70703125,0,0,0.11608751546392251,taglish,comment,True,unanimous,3-0,0,0
t1_p60sjby,0,0.11240508407354355,-2.06640625,0,0,0.07890017188740639,taglish,comment,True,adjudicator,3-0,0,0
t1_p60w4q8,0,0.053799647837877274,-2.8671875,0,0,0.03199431358709801,taglish,comment,True,unanimous,3-0,0,0
t1_p616jzp,0,0.06371499598026276,-2.6875,0,0,0.03931674968895177,taglish,comment,True,adjudicator,2-1,0,0
t1_p61esk1,0,0.10447732359170914,-2.1484375,0,0,0.07209550186249786,taglish,comment,True,unanimous,3-0,0,0
t1_p61jmcu,0,0.08945459872484207,-2.3203125,0,0,0.05956176492611232,taglish,comment,True,unanimous,3-0,0,0
t1_p61jws7,0,0.4134771525859833,-0.349609375,0,0,0.397532278227693,english,comment,True,adjudicator,2-1,0,1
t1_p61uox2,0,0.037892427295446396,-3.234375,0,0,0.020911111553412874,taglish,comment,True,unanimous,3-0,0,0
t1_p61w981,0,0.11879339814186096,-2.00390625,0,0,0.08447364412812908,taglish,comment,True,majority,3-0,0,0
t1_p61w9xz,0,0.13614831864833832,-1.84765625,0,0,0.09999807570458517,english,comment,True,adjudicator,2-1,0,0
t1_p6214pr,0,0.08819004148244858,-2.3359375,0,0,0.05852942388993353,taglish,comment,True,unanimous,3-0,0,0
t1_p630e86,0,0.1949802190065384,-1.41796875,0,0,0.15626851424771637,tagalog,comment,True,adjudicator,2-1,0,0
t1_p63itkv,0,0.5931380391120911,0.376953125,1,1,0.6102291020129266,english,comment,True,majority,3-0,0,0
t1_p63l8fh,0,0.07751766592264175,-2.4765625,0,0,0.04996643926255239,english,comment,True,adjudicator,2-1,0,0
t1_p63qyw4,0,0.12984344363212585,-1.90234375,0,0,0.0942954062916717,tagalog,comment,True,adjudicator,2-1,0,0
t1_p63x3gh,0,0.1525365114212036,-1.71484375,0,0,0.11513758260229867,taglish,comment,True,adjudicator,2-1,0,0
t1_p644uyu,0,0.052618954330682755,-2.890625,0,0,0.031142267058074505,taglish,comment,True,unanimous,3-0,0,0
t1_p64ib8c,0,0.13028542697429657,-1.8984375,0,0,0.09469288431093284,tagalog,comment,True,adjudicator,2-1,0,0
t1_p64u75y,0,0.06954174488782883,-2.59375,0,0,0.043750912777153664,taglish,comment,True,unanimous,3-0,0,0
t1_p650yjl,0,0.034618839621543884,-3.328125,0,0,0.018746386650390617,taglish,comment,True,unanimous,3-0,0,0
t1_p651rju,0,0.07423137128353119,-2.5234375,0,0,0.04738568984868634,taglish,comment,True,adjudicator,2-1,0,0
t1_p655j54,0,0.10818895697593689,-2.109375,0,0,0.07526557298266562,taglish,comment,True,unanimous,3-0,0,0
t1_p656d1x,0,0.2487165927886963,-1.10546875,0,0,0.21171289150867204,english,comment,True,adjudicator,2-1,0,0
t1_p656jyx,0,0.043042849749326706,-3.1015625,0,0,0.02440165070190581,taglish,comment,True,unanimous,3-0,0,0
t1_p656rg4,0,0.06705629080533981,-2.6328125,0,0,0.041848122926036804,taglish,comment,True,majority,3-0,0,0
t1_p6578jk,0,0.12210386991500854,-1.97265625,0,0,0.08739246587760305,taglish,comment,True,unanimous,3-0,0,0
t1_p657tbd,0,0.45513808727264404,-0.179931640625,0,0,0.4467091780988586,english,comment,True,adjudicator,2-1,0,1
t1_p6595x1,0,0.113973468542099,-2.05078125,0,0,0.0802611813044844,tagalog,comment,True,majority,3-0,0,0
t1_p65gf5j,0,0.08694165199995041,-2.3515625,0,0,0.05751388141327214,tagalog,comment,True,adjudicator,2-1,0,0
t1_p65i5qr,0,0.18417982757091522,-1.48828125,0,0,0.14555791792331574,taglish,comment,True,majority,3-0,0,0
t1_p65k14a,0,0.11961366981267929,-1.99609375,0,0,0.08519494477629674,tagalog,comment,True,adjudicator,2-1,0,0
t1_p65kqda,0,0.053009770810604095,-2.8828125,0,0,0.031423813827606194,english,comment,True,majority,3-0,0,0
t1_p65l49e,0,0.16830945014953613,-1.59765625,0,0,0.1301147922349188,tagalog,comment,True,adjudicator,2-1,0,0
t1_p65mrzl,0,0.14854057133197784,-1.74609375,0,0,0.11140522203427455,english,comment,True,majority,3-0,0,0
t1_p65n1i6,0,0.20370754599571228,-1.36328125,0,0,0.1650361675608478,taglish,comment,True,majority,3-0,0,0
t1_p65nb4r,0,0.13614831864833832,-1.84765625,0,0,0.09999807570458517,english,comment,True,majority,3-0,0,0
t1_p65pbc7,0,0.15974101424217224,-1.66015625,0,0,0.12193102599132717,tagalog,comment,True,adjudicator,2-1,0,0
t1_p65rlmo,0,0.13660839200019836,-1.84375,0,0,0.10041692671245497,taglish,comment,True,majority,3-0,0,0
t1_p65uqzq,0,0.16995622217655182,-1.5859375,0,0,0.1317002869592887,english,comment,True,majority,3-0,0,0
t1_p661azn,1,0.1710611879825592,-1.578125,0,0,0.1327663659161135,english,comment,True,majority,3-0,1,1
t1_p66882u,0,0.2240554690361023,-1.2421875,0,0,0.18584795949030647,english,comment,True,majority,3-0,0,0
t1_p66kjs6,0,0.06608537584543228,-2.6484375,0,0,0.04110937897992363,english,comment,True,majority,3-0,0,0
t1_p66om79,0,0.36251771450042725,-0.564453125,0,0,0.33821662710269995,taglish,comment,True,adjudicator,2-1,0,0
t1_p66pvj1,0,0.07807817310094833,-2.46875,0,0,0.05040931448601174,english,comment,True,majority,3-0,0,0
t1_p66r9kz,0,0.2685575783252716,-1.001953125,0,0,0.23298544656661777,tagalog,comment,True,adjudicator,3-0,0,0
t1_p66tpb2,0,0.2587003707885742,-1.052734375,0,0,0.22236809138381658,english,comment,True,majority,3-0,0,0
t1_p66vjwx,0,0.32039588689804077,-0.751953125,0,0,0.2902380865445412,tagalog,comment,True,majority,3-0,0,0
t1_p66w6a3,0,0.2766905128955841,-0.9609375,0,0,0.241815134960511,tagalog,comment,True,majority,3-0,0,0
t1_p675hvz,0,0.6636689305305481,0.6796875,1,1,0.6917448257656039,taglish,comment,True,unanimous,3-0,0,0
t1_p67gtqn,0,0.13477592170238495,-1.859375,0,0,0.09875082816556968,taglish,comment,True,unanimous,3-0,0,0
t1_p67i2nm,0,0.5574839115142822,0.23095703125,1,1,0.5682355245506523,tagalog,comment,True,majority,3-0,0,0
t1_p67j2mc,0,0.08035747706890106,-2.4375,0,0,0.05221824310913802,tagalog,comment,True,majority,3-0,0,0
t1_p67kt9n,0,0.14854057133197784,-1.74609375,0,0,0.11140522203427455,taglish,comment,True,majority,3-0,0,0
t1_p67mqq5,0,0.37433314323425293,-0.513671875,0,0,0.3518625324727537,english,comment,True,majority,3-0,0,0
t1_p67usuh,0,0.11879339814186096,-2.00390625,0,0,0.08447364412812908,taglish,comment,True,unanimous,3-0,0,0
t1_p67uwel,0,0.046378206461668015,-3.0234375,0,0,0.02671391721377015,taglish,comment,True,unanimous,3-0,0,0
t1_p67v0lr,0,0.49951171875,-0.001953125,0,1,0.49941933272442596,tagalog,comment,True,adjudicator,2-1,0,0
t1_p67vk7r,0,0.21733753383159637,-1.28125,0,0,0.17892149143864347,english,comment,True,majority,3-0,0,0
t1_p67vyc3,0,0.12896330654621124,-1.91015625,0,0,0.0935049322238215,tagalog,comment,True,majority,3-0,0,0
t1_p67x3v9,0,0.09073548763990402,-2.3046875,0,0,0.060611142133322325,english,comment,True,majority,3-0,0,0
t1_p67xlc9,0,0.09670579433441162,-2.234375,0,0,0.06555062865186623,taglish,comment,True,majority,3-0,0,0
t1_p67xo52,1,0.7969253659248352,1.3671875,1,1,0.8356029611121101,tagalog,comment,True,majority,3-0,1,1
t1_p67y1v1,0,0.09947021305561066,-2.203125,0,0,0.06786406952368582,tagalog,comment,True,adjudicator,2-1,0,1
t1_p67y5n5,0,0.28977349400520325,-0.896484375,0,0,0.25614439709998615,tagalog,comment,True,unanimous,3-0,0,0
t1_p6819md,0,0.43818405270576477,-0.24853515625,0,0,0.4266432899366696,english,comment,True,adjudicator,2-1,0,1
t1_p685eax,0,0.19993212819099426,-1.38671875,0,0,0.16123119169686187,tagalog,comment,True,adjudicator,2-1,0,0
t1_p68a85m,0,0.055005285888910294,-2.84375,0,0,0.03286888108470324,taglish,comment,True,majority,3-0,0,0
t1_p68bki8,0,0.17838265001773834,-1.52734375,0,0,0.1398750609172413,taglish,comment,True,majority,3-0,0,0
t1_p68h6ho,0,0.04778006672859192,-2.9921875,0,0,0.027697342436360083,taglish,comment,True,unanimous,3-0,0,0
t1_p68hnvq,0,0.3298232853412628,-0.708984375,0,0,0.3008761345961202,english,comment,True,majority,3-0,0,0
t1_p68nj1y,0,0.24944725632667542,-1.1015625,0,0,0.21248919309360778,taglish,comment,True,majority,3-0,0,0
t1_p68p9ww,0,0.051082734018564224,-2.921875,0,0,0.030040304998998214,taglish,comment,True,unanimous,3-0,0,0
t1_p68rnzt,0,0.060086652636528015,-2.75,0,0,0.036603557505059656,taglish,comment,True,majority,3-0,0,0
t1_p695c5c,0,0.05749328061938286,-2.796875,0,0,0.03468779606360686,taglish,comment,True,majority,3-0,0,0
t1_p6972gb,0,0.15662017464637756,-1.68359375,0,0,0.11897824412101254,tagalog,comment,True,majority,3-0,0,0
t1_p69t9vn,0,0.06560484319925308,-2.65625,0,0,0.04074470332833299,taglish,comment,True,majority,3-0,0,0
t1_p69tbzs,1,0.23370636999607086,-1.1875,0,0,0.19588989753197228,tagalog,comment,True,adjudicator,2-1,1,1
t1_p69yce2,0,0.5264949202537537,0.1060791015625,1,1,0.5314957484960879,tagalog,comment,True,adjudicator,2-1,0,0
t1_p69zn8v,0,0.27125170826911926,-0.98828125,0,0,0.23590353116001003,tagalog,comment,True,adjudicator,2-1,0,0
t1_p6a1tky,0,0.10017221421003342,-2.1953125,0,0,0.06845414922004703,tagalog,comment,True,adjudicator,3-0,0,0
t1_p6a7ngv,0,0.18772760033607483,-1.46484375,0,0,0.1490587444649132,taglish,comment,True,adjudicator,2-1,0,0
t1_p6ae97q,0,0.2643583416938782,-1.0234375,0,0,0.22845087315163984,english,comment,True,unanimous,3-0,0,0
t1_p6avr6a,1,0.2885690927505493,-0.90234375,0,0,0.25481900854609135,taglish,comment,True,majority,3-0,1,1
t1_p6br5ul,0,0.41229352355003357,-0.3544921875,0,0,0.3961424082257077,taglish,comment,True,unanimous,3-0,0,0
t1_p6bufix,0,0.29828691482543945,-0.85546875,0,0,0.26554790315394433,tagalog,comment,True,unanimous,3-0,0,0
t1_p6c038g,0,0.04535258188843727,-3.046875,0,0,0.025998717043457367,taglish,comment,True,unanimous,3-0,0,0
t1_p6c40zg,0,0.4942324161529541,-0.0230712890625,0,1,0.49314129496698156,tagalog,comment,True,adjudicator,2-1,0,0
t1_p6cabpt,0,0.0541987307369709,-2.859375,0,0,0.032283306749067146,english,comment,True,adjudicator,2-1,0,0
t1_p6cd5mu,0,0.048136770725250244,-2.984375,0,0,0.027948643223033916,english,comment,True,majority,3-0,0,0
t1_p6chu5d,0,0.4294293522834778,-0.2841796875,0,0,0.4163078953183728,english,comment,True,majority,3-0,0,0
t1_p6clw9k,0,0.04115288704633713,-3.1484375,0,0,0.023109195310905436,taglish,comment,True,unanimous,3-0,0,0
t1_p6cmyu9,0,0.04535258188843727,-3.046875,0,0,0.025998717043457367,taglish,comment,True,unanimous,3-0,0,0
t1_p6cnw1j,0,0.14223189651966095,-1.796875,0,0,0.10556583301392405,english,comment,True,majority,3-0,0,0
t1_p6co89h,0,0.18535661697387695,-1.48046875,0,0,0.14671721663869916,english,comment,True,adjudicator,2-1,0,0
t1_p6cpjq0,0,0.038756195455789566,-3.2109375,0,0,0.021489444337887676,tagalog,comment,True,adjudicator,2-1,0,0
t1_p6cqrb7,0,0.2267836332321167,-1.2265625,0,0,0.1886759036904617,english,comment,True,majority,3-0,0,0
t1_p6cqz6j,0,0.08819004148244858,-2.3359375,0,0,0.05852942388993353,taglish,comment,True,majority,3-0,0,0
t1_p6cwcvw,0,0.037047166377305984,-3.2578125,0,0,0.0203480194406986,taglish,comment,True,majority,3-0,0,0
t1_p6d0ute,0,0.06560484319925308,-2.65625,0,0,0.04074470332833299,taglish,comment,True,adjudicator,2-1,0,0
t1_p6d2bev,0,0.029535338282585144,-3.4921875,0,0,0.015474988586514544,taglish,comment,True,unanimous,3-0,0,0
t1_p6d2xv7,0,0.030214587226510048,-3.46875,0,0,0.01590541841144895,taglish,comment,True,majority,3-0,0,0
t1_p6d4a5b,0,0.09138210862874985,-2.296875,0,0,0.06114229408286271,taglish,comment,True,majority,3-0,0,0
t1_p6d4a5h,0,0.0960254892706871,-2.2421875,0,0,0.06498383154150235,taglish,comment,True,majority,3-0,0,0
t1_p6d4m4o,0,0.04023794084787369,-3.171875,0,0,0.022488272944621714,taglish,comment,True,majority,3-0,0,0
t1_p6d5a9r,0,0.3350244164466858,-0.685546875,0,0,0.30677134655741123,taglish,comment,True,majority,3-0,0,0
t1_p6d5ebs,0,0.08694165199995041,-2.3515625,0,0,0.05751388141327214,english,comment,True,majority,3-0,0,0
t1_p6d5g6l,0,0.043042849749326706,-3.1015625,0,0,0.02440165070190581,tagalog,comment,True,adjudicator,2-1,0,0
t1_p6d602e,0,0.7025300860404968,0.859375,1,1,0.7353571005736603,taglish,comment,True,majority,3-0,0,0
t1_p6d679g,0,0.06052939593791962,-2.7421875,0,0,0.03693259585415982,taglish,comment,True,majority,3-0,0,0
t1_p6d6eto,0,0.07751766592264175,-2.4765625,0,0,0.04996643926255239,tagalog,comment,True,adjudicator,2-1,0,0
t1_p6d72uq,0,0.06705629080533981,-2.6328125,0,0,0.041848122926036804,tagalog,comment,True,adjudicator,2-1,0,1
t1_p6d76ne,0,0.034358687698841095,-3.3359375,0,0,0.01857624690416891,taglish,comment,True,unanimous,3-0,0,0
t1_p6dbzkq,0,0.09073548763990402,-2.3046875,0,0,0.060611142133322325,taglish,comment,True,adjudicator,2-1,0,0
t1_p6dhcd8,0,0.4104018211364746,-0.3623046875,0,0,0.3939221094245889,taglish,comment,True,adjudicator,2-1,0,1
t1_p6dl87e,0,0.696784257888794,0.83203125,1,1,0.7289807516492082,tagalog,comment,True,adjudicator,2-1,0,0
t1_p6dlj67,0,0.11920293420553207,-2.0,0,0,0.08483359890713962,english,comment,True,unanimous,3-0,0,0
t1_p6doeci,1,0.3652302324771881,-0.552734375,0,0,0.3413428707507442,taglish,comment,True,majority,3-0,1,1
t1_p6du7t8,1,0.18242552876472473,-1.5,0,0,0.14383323073851703,taglish,comment,True,majority,3-0,1,1
t1_p6dumj1,0,0.05877655744552612,-2.7734375,0,0,0.03563327988170935,english,comment,True,adjudicator,2-1,0,0
t1_p6dx5af,1,0.5770187377929688,0.310546875,1,1,0.5912909233075893,taglish,comment,True,majority,3-0,1,1
t1_p6dzcut,0,0.04177388176321983,-3.1328125,0,0,0.023532410572131825,taglish,comment,True,adjudicator,3-0,0,0
t1_p6e0fce,0,0.06097517907619476,-2.734375,0,0,0.03726447760073885,english,comment,True,majority,3-0,0,0
t1_p6e1bpi,0,0.053799647837877274,-2.8671875,0,0,0.03199431358709801,taglish,comment,True,unanimous,3-0,0,0
t1_p6e2mll,0,0.2011847198009491,-1.37890625,0,0,0.16249158121330567,taglish,comment,True,adjudicator,2-1,0,1
t1_p6e8qgz,0,0.06560484319925308,-2.65625,0,0,0.04074470332833299,english,comment,True,unanimous,3-0,0,0
t1_p6ebd8n,1,0.06233103200793266,-2.7109375,0,0,0.03827740899962687,taglish,comment,True,majority,3-0,1,1
t1_p6ehy4o,0,0.05541279539465904,-2.8359375,0,0,0.03316550324581615,tagalog,comment,True,adjudicator,2-1,0,0
t1_p6eids9,0,0.06052939593791962,-2.7421875,0,0,0.03693259585415982,taglish,comment,True,majority,3-0,0,0
t1_p6ej25y,0,0.04208773002028465,-3.125,0,0,0.023746845439739383,taglish,comment,True,majority,3-0,0,0
t1_p6eld8l,0,0.113973468542099,-2.05078125,0,0,0.0802611813044844,english,comment,True,majority,3-0,0,0
t1_p6em1fp,0,0.057918090373277664,-2.7890625,0,0,0.0350002388124042,tagalog,comment,True,majority,3-0,0,0
t1_p6en2t3,0,0.07978201657533646,-2.4453125,0,0,0.05176034166174364,taglish,comment,True,majority,3-0,0,0
t1_p6eni46,0,0.0443485863506794,-3.0703125,0,0,0.025302166841454924,taglish,comment,True,majority,3-0,0,0
t1_p6eo5lu,0,0.24798741936683655,-1.109375,0,0,0.21093866637255032,tagalog,comment,True,adjudicator,2-1,0,1
t1_p6ep96k,1,0.44191381335258484,-0.2333984375,0,0,0.4310523008105941,taglish,comment,True,majority,3-0,1,1
t1_p6epc1a,0,0.2934044897556305,-0.87890625,0,0,0.26014759589590836,tagalog,comment,True,adjudicator,2-1,0,0
t1_p6eqhjg,0,0.11838509887456894,-2.0078125,0,0,0.08411507628305595,taglish,comment,True,unanimous,3-0,0,0
t1_p6eswyp,0,0.07696083933115005,-2.484375,0,0,0.04952725201987752,taglish,comment,True,unanimous,3-0,0,0
t1_p6et3yt,0,0.0792103260755539,-2.453125,0,0,0.05130623818728736,tagalog,comment,True,majority,3-0,0,0
t1_p6euog5,0,0.037326887249946594,-3.25,0,0,0.020534047315554225,tagalog,comment,True,majority,3-0,0,0
t1_p6euv7s,0,0.509276270866394,0.037109375,1,1,0.5110308930120869,taglish,comment,True,majority,3-0,0,0
t1_p6ewk1l,0,0.03622005507349968,-3.28125,0,0,0.019799783576636563,taglish,comment,True,majority,3-0,0,0
t1_p6f5ipu,0,0.05707139894366264,-2.8046875,0,0,0.03437804308929698,english,comment,True,majority,3-0,0,0
t1_p6fjy95,0,0.208823561668396,-1.33203125,0,0,0.17022110841857724,english,comment,True,majority,3-0,0,0
t1_p6fpm8n,0,0.14033624529838562,-1.8125,0,0,0.1038241645434529,taglish,comment,True,unanimous,3-0,0,0
t1_p6fq1hu,0,0.6173973083496094,0.478515625,1,1,0.6385449048485139,taglish,comment,True,adjudicator,2-1,0,0
t1_p6fqn4g,0,0.09739040583372116,-2.2265625,0,0,0.06612201983311876,taglish,comment,True,unanimous,3-0,0,0
t1_p6fxfke,0,0.14854057133197784,-1.74609375,0,0,0.11140522203427455,english,comment,True,majority,3-0,0,0
t1_p6g3fw7,0,0.058345843106508255,-2.78125,0,0,0.035315392862957325,taglish,comment,True,majority,3-0,0,0
t1_p6gaw8o,0,0.07263670861721039,-2.546875,0,0,0.04614329154291316,taglish,comment,True,majority,3-0,0,0
t1_p6gflpe,0,0.14608725905418396,-1.765625,0,0,0.10912658456855195,tagalog,comment,True,majority,3-0,0,0
t1_p6gv4u5,0,0.16079242527484894,-1.65234375,0,0,0.12292922103031796,english,comment,True,majority,3-0,0,0
t1_p6gwkw5,0,0.06465348601341248,-2.671875,0,0,0.04002462434676582,taglish,comment,True,majority,3-0,0,0
t1_p6hm98v,0,0.24944725632667542,-1.1015625,0,0,0.21248919309360778,taglish,comment,True,majority,3-0,0,0
t1_p6hvxya,0,0.06853749603033066,-2.609375,0,0,0.042980085677544806,taglish,comment,True,unanimous,3-0,0,0
t1_p6i8tq3,0,0.07159119844436646,-2.5625,0,0,0.04533231241751324,taglish,comment,True,majority,3-0,0,0
t1_p6izwa7,0,0.06278920918703079,-2.703125,0,0,0.03862089081550496,taglish,comment,True,unanimous,3-0,0,0
t1_p6jey0u,0,0.037892427295446396,-3.234375,0,0,0.020911111553412874,taglish,comment,True,majority,3-0,0,0
t1_p6k0olj,0,0.16026602685451508,-1.65625,0,0,0.12242924812298399,taglish,comment,True,unanimous,3-0,0,0
t1_p6k2fwb,0,0.8316905498504639,1.59765625,1,1,0.8698852077650813,tagalog,comment,True,adjudicator,2-1,0,0
t1_p6k5hug,0,0.16398024559020996,-1.62890625,0,0,0.12596603799065895,english,comment,True,majority,3-0,0,0
t1_p6k7qq2,1,0.113973468542099,-2.05078125,0,0,0.0802611813044844,taglish,comment,True,majority,3-0,1,1
t1_p6ke3xw,0,0.49005255103111267,-0.039794921875,0,1,0.48817110652398393,tagalog,comment,True,adjudicator,2-1,0,0
t1_p6kea8c,0,0.09073548763990402,-2.3046875,0,0,0.060611142133322325,english,comment,True,majority,3-0,0,0
t1_p6kecwp,0,0.10669060051441193,-2.125,0,0,0.07398246128035708,taglish,comment,True,unanimous,3-0,0,0
t1_p6kehs9,0,0.11961366981267929,-1.99609375,0,0,0.08519494477629674,taglish,comment,True,majority,3-0,0,0
t1_p6kgofq,0,0.07696083933115005,-2.484375,0,0,0.04952725201987752,taglish,comment,True,unanimous,3-0,0,0
t1_p6khn4l,0,0.188323974609375,-1.4609375,0,0,0.1496489215900683,taglish,comment,True,majority,3-0,0,0
t1_p6krqpa,0,0.14223189651966095,-1.796875,0,0,0.10556583301392405,taglish,comment,True,unanimous,3-0,0,0
t1_p6ks2os,0,0.037892427295446396,-3.234375,0,0,0.020911111553412874,english,comment,True,majority,3-0,0,0
t1_p6ksuoj,0,0.051082734018564224,-2.921875,0,0,0.030040304998998214,taglish,comment,True,majority,3-0,0,0
t1_p6ktn2q,0,0.7793218493461609,1.26171875,1,1,0.8176408242568847,taglish,comment,True,adjudicator,2-1,0,0
t1_p6kttwd,0,0.06233103200793266,-2.7109375,0,0,0.03827740899962687,taglish,comment,True,majority,3-0,0,0
t1_p6l0our,0,0.30528295040130615,-0.822265625,0,0,0.27331976443845785,english,comment,True,adjudicator,2-1,0,1
t1_p6l35h6,0,0.10970578342676163,-2.09375,0,0,0.07656909820820315,tagalog,comment,True,majority,3-0,0,0
t1_p6l4u59,0,0.027585282921791077,-3.5625,0,0,0.014251341809514826,taglish,comment,True,majority,3-0,0,0
t1_p6l7ohc,0,0.1276526302099228,-1.921875,0,0,0.09233036342081492,english,comment,True,adjudicator,2-1,0,0
t1_p6leryv,1,0.10894505679607391,-2.1015625,0,0,0.07591476764285741,tagalog,comment,True,adjudicator,2-1,1,0
t1_p6lfn0d,1,0.5358271598815918,0.1435546875,1,1,0.5425757117790936,tagalog,comment,True,adjudicator,2-1,1,1
t1_p6lpg3h,0,0.052618954330682755,-2.890625,0,0,0.031142267058074505,taglish,comment,True,unanimous,3-0,0,0
t1_p6ls6y1,0,0.15002882480621338,-1.734375,0,0,0.11279229505484169,taglish,comment,True,unanimous,3-0,0,0
t1_p6lwczc,0,0.04603390395641327,-3.03125,0,0,0.026473416130691544,taglish,comment,True,unanimous,3-0,0,0
t1_p6m71t4,0,0.051082734018564224,-2.921875,0,0,0.030040304998998214,tagalog,comment,True,adjudicator,2-1,0,0
t1_p6m8vbx,0,0.11047115921974182,-2.0859375,0,0,0.07722859729130906,taglish,comment,True,unanimous,3-0,0,0
t1_p6m99jg,0,0.18010665476322174,-1.515625,0,0,0.14156013359998557,taglish,comment,True,majority,3-0,0,0
t1_p6m9jv1,0,0.06278920918703079,-2.703125,0,0,0.03862089081550496,tagalog,comment,True,adjudicator,2-1,0,0
t1_p6mdm8w,0,0.055005285888910294,-2.84375,0,0,0.03286888108470324,taglish,comment,True,majority,3-0,0,0
t1_p6mfvsd,0,0.5254905819892883,0.10205078125,1,1,0.5303026960726571,english,comment,True,majority,3-0,0,0
t1_p6mgw4q,0,0.7577943801879883,1.140625,1,1,0.7951803918744569,tagalog,comment,True,adjudicator,2-1,0,0
t1_p6mhswo,0,0.09670579433441162,-2.234375,0,0,0.06555062865186623,taglish,comment,True,unanimous,3-0,0,0
t1_p6mqz8i,0,0.07423137128353119,-2.5234375,0,0,0.04738568984868634,taglish,comment,True,majority,3-0,0,0
t1_p6mx9qt,0,0.0427221953868866,-3.109375,0,0,0.024181449380090793,taglish,comment,True,majority,3-0,0,0
t1_p6mzzu2,0,0.7943849563598633,1.3515625,1,1,0.8330344843864578,taglish,comment,True,majority,3-0,0,0
t1_p6n49j6,0,0.06705629080533981,-2.6328125,0,0,0.041848122926036804,taglish,comment,True,majority,3-0,0,0
t1_p6n6i61,0,0.04054073989391327,-3.1640625,0,0,0.022693414415872554,taglish,comment,True,majority,3-0,0,0
t1_p6n8ciw,1,0.31111282110214233,-0.794921875,0,0,0.2798256208192962,taglish,comment,True,adjudicator,3-0,1,1
t1_p6n9ar5,0,0.034618839621543884,-3.328125,0,0,0.018746386650390617,taglish,comment,True,majority,3-0,0,0
t1_p6nblvn,0,0.06278920918703079,-2.703125,0,0,0.03862089081550496,taglish,comment,True,adjudicator,2-1,0,0
t1_p6nhkp4,1,0.04885777831077576,-2.96875,0,0,0.028457904924012165,taglish,comment,True,adjudicator,2-1,1,0
t1_p6nuzog,1,0.5651787519454956,0.26220703125,1,1,0.5773290661676074,english,comment,True,majority,3-0,1,1
t1_p6oquzf,0,0.048136770725250244,-2.984375,0,0,0.027948643223033916,taglish,comment,True,majority,3-0,0,0
t1_p6osm23,0,0.36840569972991943,-0.5390625,0,0,0.345007651140737,english,comment,True,majority,3-0,0,0
t1_p6otkfn,0,0.05921025201678276,-2.765625,0,0,0.035953921674560914,taglish,comment,True,majority,3-0,0,0
t1_p6p30dx,0,0.20370754599571228,-1.36328125,0,0,0.1650361675608478,english,comment,True,unanimous,3-0,0,0
t1_p6p92x5,0,0.1919327974319458,-1.4375,0,0,0.15323049600268016,tagalog,comment,True,adjudicator,2-1,0,0
t1_p6q1sni,0,0.8647679686546326,1.85546875,1,1,0.900834969416223,tagalog,comment,True,adjudicator,2-1,0,1
t1_p6q5lui,0,0.07107366621494293,-2.5703125,0,0,0.04493193106333012,english,comment,True,majority,3-0,0,0
t1_p6q7agm,0,0.05749328061938286,-2.796875,0,0,0.03468779606360686,taglish,comment,True,unanimous,3-0,0,0
t1_p6qnlfh,0,0.26894140243530273,-1.0,0,0,0.23340077261295322,english,comment,True,unanimous,3-0,0,0
t1_p6qr4jk,1,0.7994423508644104,1.3828125,1,1,0.8381396034363776,taglish,comment,True,majority,3-0,1,1
t1_p6qrg23,0,0.07369627058506012,-2.53125,0,0,0.046968065023667654,taglish,comment,True,unanimous,3-0,0,0
t1_p6qs09c,0,0.08509904891252518,-2.375,0,0,0.0560215500647655,english,comment,True,majority,3-0,0,0
t1_p6qw36r,0,0.048136770725250244,-2.984375,0,0,0.027948643223033916,tagalog,comment,True,adjudicator,3-0,0,0
t1_p6r4d0s,0,0.07978201657533646,-2.4453125,0,0,0.05176034166174364,tagalog,comment,True,majority,3-0,0,0
t1_p6r5b23,1,0.8925625681877136,2.1171875,1,1,0.9253785183148646,tagalog,comment,True,adjudicator,2-1,1,1
t1_p6r7p20,0,0.12592275440692902,-1.9375,0,0,0.09078489523819935,tagalog,comment,True,adjudicator,2-1,0,0
t1_p6rhuik,0,0.200557678937912,-1.3828125,0,0,0.16186039656362236,taglish,comment,True,unanimous,3-0,0,0
t1_p6rhul2,1,0.724090576171875,0.96484375,1,1,0.7590355226305655,tagalog,comment,True,majority,3-0,1,1
t1_p6rklxt,0,0.8140527606010437,1.4765625,1,1,0.8527002723650966,tagalog,comment,True,majority,3-0,0,0
t1_p6rotah,0,0.8227594494819641,1.53515625,1,1,0.8612389657962541,tagalog,comment,True,majority,3-0,0,0
t1_p6rotok,0,0.03676946833729744,-3.265625,0,0,0.020163642187874958,taglish,comment,True,majority,3-0,0,0
t1_p6rox95,0,0.26626187562942505,-1.013671875,0,0,0.23050430741959332,tagalog,comment,True,majority,3-0,0,0
t1_p6rozmh,0,0.14033624529838562,-1.8125,0,0,0.1038241645434529,taglish,comment,True,majority,3-0,0,0
t1_p6rp2hj,0,0.29098084568977356,-0.890625,0,0,0.2574742974717317,taglish,comment,True,unanimous,3-0,0,0
t1_p6rpvsx,0,0.5394381880760193,0.1580810546875,1,1,0.5468598551154912,tagalog,comment,True,unanimous,3-0,0,0
t1_p6rq1jm,0,0.16667540371418,-1.609375,0,0,0.128545559011782,taglish,comment,True,unanimous,3-0,0,0
t1_p6rsban,0,0.2724114954471588,-0.982421875,0,0,0.2371618468251526,taglish,comment,True,adjudicator,2-1,0,0
t1_p6rtlgn,0,0.0541987307369709,-2.859375,0,0,0.032283306749067146,taglish,comment,True,majority,3-0,0,0
t1_p6ru8e6,0,0.7779752612113953,1.25390625,1,1,0.8162514535915603,taglish,comment,True,majority,3-0,0,0
t1_p6rx9j3,0,0.3036285638809204,-0.830078125,0,0,0.2714783771972473,english,comment,True,majority,3-0,0,0
t1_p6rxbx6,0,0.37547746300697327,-0.5087890625,0,0,0.353187911860485,tagalog,comment,True,adjudicator,3-0,0,1
t1_p6rxmzn,0,0.10017221421003342,-2.1953125,0,0,0.06845414922004703,english,comment,True,majority,3-0,0,0
t1_p6rxq8o,1,0.22953519225120544,-1.2109375,0,0,0.19153675563666225,tagalog,comment,True,adjudicator,2-1,1,1
t1_p6rxtds,0,0.056236349046230316,-2.8203125,0,0,0.03376652104915705,taglish,comment,True,majority,3-0,0,0
t1_p6ry2to,0,0.05184547230601311,-2.90625,0,0,0.030586480321749796,tagalog,comment,True,majority,3-0,0,0
t1_p6ryi6a,0,0.0792103260755539,-2.453125,0,0,0.05130623818728736,english,comment,True,majority,3-0,0,0
t1_p6ryuq9,1,0.43170395493507385,-0.27490234375,0,0,0.41899123958375767,english,comment,True,majority,3-0,1,1
t1_p6rz9ma,0,0.07369627058506012,-2.53125,0,0,0.046968065023667654,taglish,comment,True,majority,3-0,0,0
t1_p6rzert,0,0.15662017464637756,-1.68359375,0,0,0.11897824412101254,english,comment,True,majority,3-0,0,0
t1_p6s0q0m,0,0.5331543684005737,0.1328125,1,1,0.5394035146979229,taglish,comment,True,majority,3-0,0,0
t1_p6s1evf,0,0.2766905128955841,-0.9609375,0,0,0.241815134960511,tagalog,comment,True,adjudicator,2-1,0,1
t1_p6s1gzr,0,0.16995622217655182,-1.5859375,0,0,0.1317002869592887,taglish,comment,True,majority,3-0,0,0
t1_p6s1uy8,0,0.08694165199995041,-2.3515625,0,0,0.05751388141327214,taglish,comment,True,majority,3-0,0,0
t1_p6s2ym6,0,0.2766905128955841,-0.9609375,0,0,0.241815134960511,tagalog,comment,True,adjudicator,2-1,0,1
t1_p6s3i12,0,0.8238958716392517,1.54296875,1,1,0.862345539881005,tagalog,comment,True,unanimous,3-0,0,0
t1_p6s43ki,1,0.8272706270217896,1.56640625,1,1,0.8656208202764278,tagalog,comment,True,adjudicator,2-1,1,0
t1_p6s4bxj,1,0.4696570336818695,-0.12152099609375,0,0,0.46393433671694784,taglish,comment,True,adjudicator,2-1,1,1
t1_p6s4gzr,0,0.1204388216137886,-1.98828125,0,0,0.08592182642004455,taglish,comment,True,majority,3-0,0,0
t1_p6s4vy1,0,0.3775406777858734,-0.5,0,0,0.3555792829789916,taglish,comment,True,unanimous,3-0,0,0
t1_p6s5qhf,0,0.06142404302954674,-2.7265625,0,0,0.03759922525176843,taglish,comment,True,majority,3-0,0,0
t1_p6s5qic,0,0.40922078490257263,-0.3671875,0,0,0.3925366375950933,english,comment,True,adjudicator,2-1,0,0
t1_p6s5tag,0,0.07211221009492874,-2.5546875,0,0,0.045736090655904414,taglish,comment,True,adjudicator,2-1,0,0
t1_p6s60nq,0,0.11596072465181351,-2.03125,0,0,0.08199256236143651,english,comment,True,majority,3-0,0,0
t1_p6s66ir,0,0.05921025201678276,-2.765625,0,0,0.035953921674560914,tagalog,comment,True,majority,3-0,0,0
t1_p6s67b3,0,0.6684475541114807,0.701171875,1,1,0.6971659656338719,tagalog,comment,True,adjudicator,2-1,0,1
t1_p6s69yr,0,0.10158944875001907,-2.1796875,0,0,0.06964859230454833,english,comment,True,majority,3-0,0,0
t1_p6s85r6,1,0.43494123220443726,-0.26171875,0,0,0.42281263480857145,taglish,comment,True,majority,3-0,1,1
t1_p6s87ve,0,0.18772760033607483,-1.46484375,0,0,0.1490587444649132,english,comment,True,majority,3-0,0,0
t1_p6s9jvf,0,0.09073548763990402,-2.3046875,0,0,0.060611142133322325,taglish,comment,True,majority,3-0,0,0
t1_p6sa3ez,0,0.2825919985771179,-0.931640625,0,0,0.24826005141986499,english,comment,True,unanimous,3-0,0,0
t1_p6sb45o,0,0.0541987307369709,-2.859375,0,0,0.032283306749067146,taglish,comment,True,unanimous,3-0,0,0
t1_p6sbqgt,0,0.6060321927070618,0.4306640625,1,1,0.6253100604389688,english,comment,True,adjudicator,2-1,0,0
t1_p6scjhs,0,0.2632204294204712,-1.029296875,0,0,0.22722500865214892,english,comment,True,majority,3-0,0,0
t1_p6scrqj,0,0.047074176371097565,-3.0078125,0,0,0.027201310134468026,tagalog,comment,True,majority,3-0,0,0
t1_p6scwsx,0,0.2267836332321167,-1.2265625,0,0,0.1886759036904617,english,comment,True,majority,3-0,0,0
t1_p6sdbo2,0,0.10594828426837921,-2.1328125,0,0,0.07334847937341782,english,comment,True,majority,3-0,0,0
t1_p6sdk5b,0,0.19314739108085632,-1.4296875,0,0,0.15443985780521036,english,comment,True,majority,3-0,0,0
t1_p6sdu2r,1,0.8683809638023376,1.88671875,1,1,0.9041056676079104,tagalog,comment,True,adjudicator,2-1,1,1
t1_p6sehwy,0,0.058345843106508255,-2.78125,0,0,0.035315392862957325,english,comment,True,majority,3-0,0,0
t1_p6sf1y1,1,0.596433162689209,0.390625,1,1,0.6140892212115674,taglish,comment,True,adjudicator,2-1,1,0
t1_p6sficv,0,0.2762998044490814,-0.962890625,0,0,0.2413895506842137,taglish,comment,True,adjudicator,2-1,0,0
t1_p6sfuvk,0,0.42298123240470886,-0.310546875,0,0,0.4087090766924107,tagalog,comment,True,adjudicator,2-1,0,0
t1_p6sfwqq,0,0.05033063143491745,-2.9375,0,0,0.02950358577090915,taglish,comment,True,majority,3-0,0,0
t1_p6shdhh,0,0.28616926074028015,-0.9140625,0,0,0.25218180297393306,english,comment,True,adjudicator,2-1,0,1
t1_p6shkkc,0,0.7683857679367065,1.19921875,1,1,0.8062959640606004,taglish,comment,True,unanimous,3-0,0,0
t1_p6si5v5,0,0.13072869181632996,-1.89453125,0,0,0.09509186188570753,english,comment,True,adjudicator,2-1,0,0
t1_p6siibl,1,0.32380759716033936,-0.736328125,0,0,0.29408071252123386,english,comment,True,majority,3-0,1,1
t1_p6sjv6d,0,0.05921025201678276,-2.765625,0,0,0.035953921674560914,taglish,comment,True,majority,3-0,0,0
t1_p6snw48,0,0.08269734680652618,-2.40625,0,0,0.05408838736301812,tagalog,comment,True,adjudicator,2-1,0,1
t1_p6sqvf3,0,0.07004895806312561,-2.5859375,0,0,0.044141256654822006,english,comment,True,majority,3-0,0,0
t1_p6srpnp,0,0.08945459872484207,-2.3203125,0,0,0.05956176492611232,taglish,comment,True,unanimous,3-0,0,0
t1_p6ss0n1,0,0.08945459872484207,-2.3203125,0,0,0.05956176492611232,english,comment,True,majority,3-0,0,0
t1_p6ss6y1,0,0.12808823585510254,-1.91796875,0,0,0.09272040628315757,english,comment,True,majority,3-0,0,0
t1_p6t2rai,1,0.5698526501655579,0.28125,1,1,0.5828452605633484,english,comment,True,unanimous,3-0,1,1
t1_p6t9u07,0,0.08756383508443832,-2.34375,0,0,0.05801956760606101,taglish,comment,True,majority,3-0,0,0
t1_p6tcqvk,1,0.34997692704200745,-0.619140625,0,0,0.3238167310345272,english,comment,True,adjudicator,2-1,1,1
t1_p6tj25e,0,0.16184942424297333,-1.64453125,0,0,0.12393443444781185,english,comment,True,majority,3-0,0,0
t1_p6tr1qe,1,0.5072473883628845,0.02899169921875,1,1,0.508618430055843,tagalog,comment,True,majority,3-0,1,1
t1_p6ttlip,0,0.23022674024105072,-1.20703125,0,0,0.19225711949003618,english,comment,True,adjudicator,2-1,0,1
t1_p6tvsv8,0,0.07263670861721039,-2.546875,0,0,0.04614329154291316,taglish,comment,True,adjudicator,2-1,0,0
t1_p6ua9sd,0,0.15713684260845184,-1.6796875,0,0,0.11946604245344365,taglish,comment,True,majority,3-0,0,0
t1_p6utghy,0,0.46198752522468567,-0.15234375,0,0,0.4548314080249628,taglish,comment,True,majority,3-0,0,0
t1_p6utm4e,0,0.5900707244873047,0.3642578125,1,1,0.6066322853791652,tagalog,comment,True,adjudicator,2-1,0,0
t1_p6v6185,0,0.21011726558208466,-1.32421875,0,0,0.171537402284092,taglish,comment,True,majority,3-0,0,0
t1_p6vmioe,0,0.16132023930549622,-1.6484375,0,0,0.12343094853505886,taglish,comment,True,majority,3-0,0,0
t1_p6vqyp4,1,0.7193835973739624,0.94140625,1,1,0.7539009712338872,taglish,comment,True,majority,3-0,1,1
t1_p6vvs2w,1,0.8539127111434937,1.765625,1,1,0.8908734154314482,english,comment,True,majority,3-0,1,1
t1_p6vx1q0,0,0.06608537584543228,-2.6484375,0,0,0.04110937897992363,english,comment,True,majority,3-0,0,0
t1_p6vxruc,1,0.3750195801258087,-0.5107421875,0,0,0.3526574877776168,english,comment,True,adjudicator,2-1,1,1
t1_p6vy67q,0,0.060086652636528015,-2.75,0,0,0.036603557505059656,taglish,comment,True,majority,3-0,0,0
t1_p6vzgnz,0,0.40262699127197266,-0.39453125,0,0,0.3848104942031634,tagalog,comment,True,adjudicator,2-1,0,1
t1_p6w0op2,0,0.44058963656425476,-0.23876953125,0,0,0.4294865240210943,tagalog,comment,True,adjudicator,2-1,0,1
t1_p6w2hj0,0,0.21011726558208466,-1.32421875,0,0,0.171537402284092,english,comment,True,majority,3-0,0,0
t1_p6w4ii3,0,0.7846492528915405,1.29296875,1,1,0.8231166768712936,tagalog,comment,True,adjudicator,2-1,0,0
t1_p6w56rf,0,0.8187368512153625,1.5078125,1,1,0.8573070907198489,tagalog,comment,True,adjudicator,2-1,0,1
t1_p6w66kr,0,0.677047073841095,0.740234375,1,1,0.7068827240128328,tagalog,comment,True,adjudicator,2-1,0,1
t1_p6w7t4i,1,0.47996068000793457,-0.0802001953125,0,0,0.4761743969873832,tagalog,comment,True,adjudicator,2-1,1,1
t1_p6w885b,0,0.09138210862874985,-2.296875,0,0,0.06114229408286271,tagalog,comment,True,adjudicator,2-1,0,1
t1_p6w95o8,0,0.7431680560112,1.0625,1,1,0.779633618817274,taglish,comment,True,adjudicator,2-1,0,0
t1_p6wcnv1,0,0.2553436756134033,-1.0703125,0,0,0.2187743429857775,english,comment,True,adjudicator,2-1,0,1
t1_p6wd9wj,0,0.06903792917728424,-2.6015625,0,0,0.04336386413735613,taglish,comment,True,majority,3-0,0,0
t1_p6wjk7r,0,0.6955448985099792,0.826171875,1,1,0.7276019026189797,english,comment,True,majority,3-0,0,0
t1_p6wk3dz,0,0.3048688769340515,-0.82421875,0,0,0.27285868778590133,english,comment,True,adjudicator,2-1,0,1
t1_p6wltad,0,0.3319854736328125,-0.69921875,0,0,0.30332463390282755,tagalog,comment,True,adjudicator,2-1,0,0
t1_p6wrmnt,0,0.8158201575279236,1.48828125,1,1,0.8544420820766844,tagalog,comment,True,unanimous,3-0,0,0
t1_p6wyb63,0,0.4801739454269409,-0.079345703125,0,1,0.47642786831221023,taglish,comment,True,adjudicator,2-1,0,0
t1_p6x2tb2,1,0.21272224187850952,-1.30859375,0,0,0.17419418129520192,taglish,comment,True,unanimous,3-0,1,1
t1_p6x2xeo,1,0.6535692811012268,0.634765625,1,1,0.6802384414992481,tagalog,comment,True,majority,3-0,1,1
t1_p6x3bf7,0,0.8933094143867493,2.125,1,1,0.9260175387196429,tagalog,comment,True,adjudicator,2-1,0,0
t1_p6x3dor,1,0.20946967601776123,-1.328125,0,0,0.170878249123796,tagalog,comment,True,majority,3-0,1,1
t1_p6x3gua,1,0.7435405850410461,1.064453125,1,1,0.7800324060626387,taglish,comment,True,majority,3-0,1,1
t1_p6x3jha,1,0.8402590155601501,1.66015625,1,1,0.8780689740086729,tagalog,comment,True,adjudicator,2-1,1,1
t1_p6x4cbi,1,0.2643583416938782,-1.0234375,0,0,0.22845087315163984,taglish,comment,True,unanimous,3-0,1,1
t1_p6x4hml,0,0.12085322290658951,-1.984375,0,0,0.08628737051690295,english,comment,True,majority,3-0,0,0
t1_p6x4kqb,1,0.18359361588954926,-1.4921875,0,0,0.1449811239171632,english,comment,True,adjudicator,2-1,1,1
t1_p6x4z3a,0,0.5044249296188354,0.0177001953125,1,1,0.5052621052625442,english,comment,True,majority,3-0,0,0
t1_p6x58aq,0,0.34775859117507935,-0.62890625,0,0,0.3212790987934047,english,comment,True,majority,3-0,0,0
t1_p6x5dwc,1,0.7356416583061218,1.0234375,1,1,0.7715491268483601,taglish,comment,True,majority,3-0,1,1
t1_p6x607g,1,0.642432451248169,0.5859375,1,1,0.6674781412358636,taglish,comment,True,unanimous,3-0,1,1
t1_p6x6bxk,0,0.2372223436832428,-1.16796875,0,0,0.19957435838121945,tagalog,comment,True,adjudicator,2-1,0,1
t1_p6x6dzq,1,0.8807970285415649,2.0,1,1,0.9151664010928603,tagalog,comment,True,unanimous,3-0,1,1
t1_p6x6kjl,0,0.1465751975774765,-1.76171875,0,0,0.10957901582017822,english,comment,True,adjudicator,2-1,0,1
t1_p6x6xq3,0,0.3879221975803375,-0.4560546875,0,0,0.36764259786849207,taglish,comment,True,majority,3-0,0,0
t1_p6x7e3c,1,0.17441026866436005,-1.5546875,0,0,0.13600851297358335,tagalog,comment,True,majority,3-0,1,1
t1_p6x7ge1,0,0.13706977665424347,-1.83984375,0,0,0.10083733555110562,taglish,comment,True,majority,3-0,0,0
t1_p6x7o6u,1,0.2516477108001709,-1.08984375,0,0,0.21483055586525981,tagalog,comment,True,adjudicator,2-1,1,1
t1_p6x95ss,0,0.633863627910614,0.548828125,1,1,0.6576119586468133,tagalog,comment,True,unanimous,3-0,0,0
t1_p6x999n,0,0.43398144841194153,-0.265625,0,0,0.42167938453665255,taglish,comment,True,majority,3-0,0,0
t1_p6xa1dx,1,0.8333246111869812,1.609375,1,1,0.871454440988218,taglish,comment,True,unanimous,3-0,1,1
t1_p6xbhhg,0,0.051082734018564224,-2.921875,0,0,0.030040304998998214,taglish,comment,True,majority,3-0,0,0
t1_p6xbx7v,0,0.8688268065452576,1.890625,1,1,0.9045076568111668,tagalog,comment,True,adjudicator,2-1,0,0
t1_p6xbx95,0,0.8392075896263123,1.65234375,1,1,0.8770707789696821,tagalog,comment,True,adjudicator,2-1,0,0
t1_p6xe1ts,0,0.6268097758293152,0.5185546875,1,1,0.6494605687349634,english,comment,True,majority,3-0,0,0
t1_p6xfvzn,0,0.41134732961654663,-0.3583984375,0,0,0.3950317175024067,taglish,comment,True,unanimous,3-0,0,0
t1_p6xg0jc,0,0.09670579433441162,-2.234375,0,0,0.06555062865186623,taglish,comment,True,majority,3-0,0,0
t1_p6xg25u,0,0.04742587357759476,-3.0,0,0,0.027448237421121728,taglish,comment,True,majority,3-0,0,0
t1_p6xg4if,0,0.07107366621494293,-2.5703125,0,0,0.04493193106333012,english,comment,True,majority,3-0,0,0
t1_p6xgz2j,1,0.3298232853412628,-0.708984375,0,0,0.3008761345961202,tagalog,comment,True,adjudicator,2-1,1,1
t1_p6xi0gj,0,0.05184547230601311,-2.90625,0,0,0.030586480321749796,taglish,comment,True,majority,3-0,0,0
t1_p6xlffl,0,0.24148938059806824,-1.14453125,0,0,0.20406406572014105,tagalog,comment,True,majority,3-0,0,0
t1_p6xmyl3,0,0.030214587226510048,-3.46875,0,0,0.01590541841144895,english,comment,True,majority,3-0,0,0
t1_p6xn9cx,0,0.4332619309425354,-0.2685546875,0,0,0.420829987167424,english,comment,True,majority,3-0,0,0
t1_p6xngqr,1,0.21601152420043945,-1.2890625,0,0,0.17756067978225853,taglish,comment,True,unanimous,3-0,1,1
t1_p6xqgkj,0,0.3246634900569916,-0.732421875,0,0,0.2950459939964402,tagalog,comment,True,adjudicator,2-1,0,0
t1_p6xrwg6,0,0.20946967601776123,-1.328125,0,0,0.170878249123796,tagalog,comment,True,adjudicator,2-1,0,1
t1_p6xspd1,0,0.2509128153324127,-1.09375,0,0,0.21404802538476875,tagalog,comment,True,adjudicator,2-1,0,1
t1_p6xupxo,0,0.11757213622331619,-2.015625,0,0,0.083402084780751,english,comment,True,adjudicator,2-1,0,1
t1_p6xv3ng,0,0.09009299427270889,-2.3125,0,0,0.06008430908186692,taglish,comment,True,adjudicator,2-1,0,0
t1_p6xxs7h,0,0.8056321740150452,1.421875,1,1,0.84434299015252,tagalog,comment,True,adjudicator,2-1,0,1
t1_p6xy6oj,0,0.12984344363212585,-1.90234375,0,0,0.0942954062916717,english,comment,True,majority,3-0,0,0
t1_p6xyboa,0,0.053009770810604095,-2.8828125,0,0,0.031423813827606194,taglish,comment,True,unanimous,3-0,0,0
t1_p6xyj2g,0,0.1761041283607483,-1.54296875,0,0,0.13765446011899501,taglish,comment,True,majority,3-0,0,0
t1_p6xyzvj,0,0.1749734729528427,-1.55078125,0,0,0.13655531140694618,tagalog,comment,True,adjudicator,3-0,0,0
t1_p6xzavi,0,0.18126320838928223,-1.5078125,0,0,0.14269290928015116,english,comment,True,majority,3-0,0,0
t1_p6xzha6,0,0.23091977834701538,-1.203125,0,0,0.19297954590997313,english,comment,True,adjudicator,2-1,0,0
t1_p6xzqoz,1,0.837619960308075,1.640625,1,1,0.8755603174321389,taglish,comment,True,unanimous,3-0,1,1
t1_p6xzrs4,0,0.1778108775615692,-1.53125,0,0,0.13931711428922144,tagalog,comment,True,unanimous,3-0,0,0
t1_p6xzxgn,0,0.06278920918703079,-2.703125,0,0,0.03862089081550496,english,comment,True,majority,3-0,0,0
t1_p6y003z,0,0.03541072830557823,-3.3046875,0,0,0.019266028317976698,taglish,comment,True,majority,3-0,0,0
t1_p6y037g,0,0.10521054267883301,-2.140625,0,0,0.07271950364676193,english,comment,True,majority,3-0,0,0
t1_p6y0y3k,0,0.03308597952127457,-3.375,0,0,0.01774801826853234,taglish,comment,True,majority,3-0,0,0
t1_p6y1eoh,0,0.10818895697593689,-2.109375,0,0,0.07526557298266562,taglish,comment,True,unanimous,3-0,0,0
t1_p6y249q,0,0.11596072465181351,-2.03125,0,0,0.08199256236143651,tagalog,comment,True,unanimous,3-0,0,0
t1_p6y2rz2,0,0.08882029354572296,-2.328125,0,0,0.05904347978298766,english,comment,True,majority,3-0,0,0
t1_p6y31u7,0,0.20561502873897552,-1.3515625,0,0,0.1669655156135423,english,comment,True,majority,3-0,0,0
t1_p6y3fo9,0,0.15456733107566833,-1.69921875,0,0,0.1170442489900627,english,comment,True,unanimous,3-0,0,0
t1_p6y3nji,0,0.04742587357759476,-3.0,0,0,0.027448237421121728,english,comment,True,majority,3-0,0,0
t1_p6y4fmz,0,0.17838265001773834,-1.52734375,0,0,0.1398750609172413,english,comment,True,adjudicator,2-1,0,0
t1_p6y4otw,0,0.0541987307369709,-2.859375,0,0,0.032283306749067146,english,comment,True,majority,3-0,0,0
t1_p6y5vfc,0,0.029986508190631866,-3.4765625,0,0,0.01576064878008488,taglish,comment,True,unanimous,3-0,0,0
t1_p6y7pio,0,0.7969253659248352,1.3671875,1,1,0.8356029611121101,tagalog,comment,True,adjudicator,2-1,0,0
t1_p6y900m,0,0.5501240491867065,0.201171875,1,1,0.5595251246230669,tagalog,comment,True,majority,3-0,0,0
t1_p6y9r2e,0,0.18184363842010498,-1.50390625,0,0,0.1432621251584481,english,comment,True,majority,3-0,0,0
t1_p6ya1ka,0,0.3420218825340271,-0.654296875,0,0,0.3147307103692143,english,comment,True,majority,3-0,0,0
t1_p6yeasx,1,0.7094219326972961,0.892578125,1,1,0.7429695033925401,taglish,comment,True,majority,3-0,1,1
t1_p6yecc6,0,0.1937568634748459,-1.42578125,0,0,0.1550474586325307,tagalog,comment,True,adjudicator,2-1,0,0
t1_p6yeybg,0,0.12678517401218414,-1.9296875,0,0,0.09155469702961579,taglish,comment,True,majority,3-0,0,0
t1_p6yggb7,0,0.026963496580719948,-3.5859375,0,0,0.013865043671460525,taglish,comment,True,unanimous,3-0,0,0
t1_p6ygtxd,0,0.07423137128353119,-2.5234375,0,0,0.04738568984868634,taglish,comment,True,majority,3-0,0,0
t1_p6yhpaz,0,0.05223086103796959,-2.8984375,0,0,0.0308631624724487,taglish,comment,True,majority,3-0,0,0
t1_p6yl8qm,0,0.34997692704200745,-0.619140625,0,0,0.3238167310345272,tagalog,comment,True,adjudicator,2-1,0,0
t1_p6ylyg8,0,0.04672495648264885,-3.015625,0,0,0.026956542661305673,english,comment,True,majority,3-0,0,0
t1_p6ys9v5,0,0.07696083933115005,-2.484375,0,0,0.04952725201987752,english,comment,True,unanimous,3-0,0,0
t1_p6ysr0x,0,0.28219619393348694,-0.93359375,0,0,0.24782683196442665,taglish,comment,True,adjudicator,2-1,0,1
t1_p6ywh9d,0,0.2635993957519531,-1.02734375,0,0,0.2276331135168602,taglish,comment,True,majority,3-0,0,0
t1_p6ywjhu,0,0.47368761897087097,-0.1053466796875,0,0,0.46872114374863577,tagalog,comment,True,unanimous,3-0,0,0
t1_p6ywmi2,0,0.4472188949584961,-0.2119140625,0,0,0.4373289027363538,taglish,comment,True,majority,3-0,0,0
t1_p6ywpv2,0,0.0753123015165329,-2.5078125,0,0,0.048231547295565495,taglish,comment,True,unanimous,3-0,0,0
t1_p6yxg2t,0,0.17328819632530212,-1.5625,0,0,0.13492045062231073,english,comment,True,adjudicator,2-1,0,0
t1_p6yxi0s,0,0.804405927658081,1.4140625,1,1,0.8431180253934277,tagalog,comment,True,adjudicator,2-1,0,0
t1_p6yxpxt,0,0.29992473125457764,-0.84765625,0,0,0.2673638275808734,tagalog,comment,True,majority,3-0,0,0
t1_p6yxtzz,0,0.08882029354572296,-2.328125,0,0,0.05904347978298766,taglish,comment,True,adjudicator,2-1,0,0
t1_p6yyoyd,0,0.05749328061938286,-2.796875,0,0,0.03468779606360686,taglish,comment,True,majority,3-0,0,0
t1_p6yzgsq,0,0.07423137128353119,-2.5234375,0,0,0.04738568984868634,english,comment,True,majority,3-0,0,0
t1_p6z0lga,0,0.29098084568977356,-0.890625,0,0,0.2574742974717317,tagalog,comment,True,majority,3-0,0,0
t1_p6z0md9,0,0.10230471193790436,-2.171875,0,0,0.07025301902707505,tagalog,comment,True,adjudicator,2-1,0,0
t1_p6z1fep,0,0.06512754410505295,-2.6640625,0,0,0.04038312642469323,taglish,comment,True,majority,3-0,0,0
t1_p6z27mn,1,0.33415472507476807,-0.689453125,0,0,0.3057843437277214,taglish,comment,True,adjudicator,2-1,1,0
t1_p6z3f4r,0,0.14033624529838562,-1.8125,0,0,0.1038241645434529,english,comment,True,majority,3-0,0,0
t1_p6z556i,0,0.1294027417898178,-1.90625,0,0,0.09389942365415749,taglish,comment,True,unanimous,3-0,0,0
t1_p6z5qr1,0,0.16079242527484894,-1.65234375,0,0,0.12292922103031796,taglish,comment,True,majority,3-0,0,0
t1_p6z63wn,0,0.14560064673423767,-1.76953125,0,0,0.10867579333120232,english,comment,True,majority,3-0,0,0
t1_p6z6epo,0,0.15002882480621338,-1.734375,0,0,0.11279229505484169,tagalog,comment,True,adjudicator,2-1,0,1
t1_p6z7ljg,0,0.1030244380235672,-2.1640625,0,0,0.07086229158137215,english,comment,True,adjudicator,3-0,0,0
t1_p6z8245,0,0.03817827254533768,-3.2265625,0,0,0.021102176500596717,taglish,comment,True,unanimous,3-0,0,0
t1_p6zc0tc,0,0.0838903859257698,-2.390625,0,0,0.05504697741080492,tagalog,comment,True,adjudicator,2-1,0,0
t1_p6zdg7p,0,0.0792103260755539,-2.453125,0,0,0.05130623818728736,taglish,comment,True,majority,3-0,0,0
t1_p6zepsz,0,0.05146276578307152,-2.9140625,0,0,0.030312200991042915,english,comment,True,adjudicator,2-1,0,0
t1_p6zeur1,0,0.8816148638725281,2.0078125,1,1,0.9158849237169441,tagalog,comment,True,unanimous,3-0,0,0
t1_p6zfvsk,0,0.06418264657258987,-2.6796875,0,0,0.03966917331429503,taglish,comment,True,unanimous,3-0,0,0
t1_p6zg7ae,0,0.22884514927864075,-1.21484375,0,0,0.1908184532684904,english,comment,True,majority,3-0,0,0
t1_p6zi1ty,0,0.04569203034043312,-3.0390625,0,0,0.026235021877055197,taglish,comment,True,majority,3-0,0,0
t1_p6zkkgj,0,0.08819004148244858,-2.3359375,0,0,0.05852942388993353,english,comment,True,majority,3-0,0,0
t1_p6zmbbn,0,0.6804540753364563,0.755859375,1,1,0.7107179200088024,tagalog,comment,True,adjudicator,2-1,0,0
t1_p6znf3i,0,0.06656918674707413,-2.640625,0,0,0.04147717744372475,taglish,comment,True,unanimous,3-0,0,0
t1_p6znlau,0,0.13892841339111328,-1.82421875,0,0,0.10253463208530565,tagalog,comment,True,adjudicator,3-0,0,0
t1_p6zpuu5,0,0.0753123015165329,-2.5078125,0,0,0.048231547295565495,taglish,comment,True,unanimous,3-0,0,0
t1_p6zroni,0,0.34687307476997375,-0.6328125,0,0,0.32026698337807363,english,comment,True,majority,3-0,0,0
t1_p6zs8qi,0,0.4089847803115845,-0.3681640625,0,0,0.392259749945816,english,comment,True,majority,3-0,0,0
t1_p6ztuf8,0,0.10158944875001907,-2.1796875,0,0,0.06964859230454833,tagalog,comment,True,majority,3-0,0,0
t1_p6zvsxc,0,0.08269734680652618,-2.40625,0,0,0.05408838736301812,taglish,comment,True,unanimous,3-0,0,0
t1_p6zwkbj,0,0.16398024559020996,-1.62890625,0,0,0.12596603799065895,tagalog,comment,True,adjudicator,2-1,0,0
t1_p6zz41t,0,0.06705629080533981,-2.6328125,0,0,0.041848122926036804,taglish,comment,True,majority,3-0,0,0
t1_p6zzg2r,1,0.6304574012756348,0.5341796875,1,1,0.6536789933041878,english,comment,True,majority,3-0,1,1
t1_p70307o,0,0.5519359707832336,0.20849609375,1,1,0.5616706402768127,tagalog,comment,True,adjudicator,2-1,0,0
t1_p703ag7,0,0.06418264657258987,-2.6796875,0,0,0.03966917331429503,english,comment,True,majority,3-0,0,0
t1_p704rmf,0,0.1629120409488678,-1.63671875,0,0,0.12494669668297209,english,comment,True,majority,3-0,0,0
t1_p705dn8,0,0.09739040583372116,-2.2265625,0,0,0.06612201983311876,tagalog,comment,True,adjudicator,2-1,0,0
t1_p708dim,1,0.2587003707885742,-1.052734375,0,0,0.22236809138381658,english,comment,True,adjudicator,2-1,1,1
t1_p70bt1i,0,0.6524628400802612,0.6298828125,1,1,0.6789740880063005,taglish,comment,True,majority,3-0,0,0
t1_p70cqzj,0,0.45447221398353577,-0.1826171875,0,0,0.44591996497056774,tagalog,comment,True,adjudicator,2-1,0,1
t1_p70dx7c,0,0.09467770159244537,-2.2578125,0,0,0.06386389557786684,taglish,comment,True,unanimous,3-0,0,0
t1_p71n1o6,0,0.1901218295097351,-1.44921875,0,0,0.15143100989332017,taglish,comment,True,majority,3-0,0,0
t1_p7225hc,0,0.3119506537914276,-0.791015625,0,0,0.2807627216262395,tagalog,comment,True,majority,3-0,0,0
t1_p72ai81,0,0.039048291742801666,-3.203125,0,0,0.021685676475538766,english,comment,True,majority,3-0,0,0
t1_p72e5co,0,0.14033624529838562,-1.8125,0,0,0.1038241645434529,tagalog,comment,True,adjudicator,2-1,0,1
t1_p72esdo,1,0.09009299427270889,-2.3125,0,0,0.06008430908186692,taglish,comment,True,majority,3-0,1,1
t1_p72g2r7,0,0.13296425342559814,-1.875,0,0,0.09710938910184348,english,comment,True,adjudicator,2-1,0,0
t1_p72hos4,0,0.15203222632408142,-1.71875,0,0,0.11466515652192286,taglish,comment,True,majority,3-0,0,0
t1_p72i3dh,0,0.12721826136112213,-1.92578125,0,0,0.09194179506186882,taglish,comment,True,adjudicator,2-1,0,0
t1_p72ibpe,0,0.060086652636528015,-2.75,0,0,0.036603557505059656,tagalog,comment,True,majority,3-0,0,0
t1_p72it5y,0,0.0541987307369709,-2.859375,0,0,0.032283306749067146,taglish,comment,True,majority,3-0,0,0
t1_p72j2s2,0,0.2351084202528,-1.1796875,0,0,0.1973574740085618,english,comment,True,majority,3-0,0,0
t1_p72jhno,0,0.10669060051441193,-2.125,0,0,0.07398246128035708,english,comment,True,majority,3-0,0,0
t1_p72jub2,0,0.7461389899253845,1.078125,1,1,0.7828093976665337,tagalog,comment,True,adjudicator,2-1,0,1
t1_p72kh9o,0,0.06418264657258987,-2.6796875,0,0,0.03966917331429503,taglish,comment,True,majority,3-0,0,0
t1_p72m2ne,0,0.12852515280246735,-1.9140625,0,0,0.09311192782541965,english,comment,True,majority,3-0,0,0
t1_p72nk1f,0,0.16830945014953613,-1.59765625,0,0,0.1301147922349188,english,comment,True,majority,3-0,0,0
t1_p72nurl,0,0.2114168107509613,-1.31640625,0,0,0.17286175439538343,taglish,comment,True,majority,3-0,0,0
t1_p72oofz,0,0.2727987766265869,-0.98046875,0,0,0.23758231176087197,english,comment,True,unanimous,3-0,0,0
t1_p72pp3f,1,0.07864238321781158,-2.4609375,0,0,0.050855904984137765,tagalog,comment,True,adjudicator,2-1,1,0
t1_p72r73n,0,0.2798284888267517,-0.9453125,0,0,0.24523817570812903,tagalog,comment,True,adjudicator,2-1,0,1
t1_p72rnxm,1,0.3019792437553406,-0.837890625,0,0,0.2696447923118968,taglish,comment,True,majority,3-0,1,1
t1_p72u7fx,0,0.14511536061763763,-1.7734375,0,0,0.10822663804439493,english,comment,True,majority,3-0,0,0
t1_p72vwpm,0,0.29828691482543945,-0.85546875,0,0,0.26554790315394433,english,comment,True,adjudicator,2-1,0,1
t1_p72vzbh,0,0.1937568634748459,-1.42578125,0,0,0.1550474586325307,english,comment,True,adjudicator,2-1,0,1
t1_p72wy0h,0,0.07751766592264175,-2.4765625,0,0,0.04996643926255239,taglish,comment,True,majority,3-0,0,0
t1_p72xq0x,0,0.10669060051441193,-2.125,0,0,0.07398246128035708,tagalog,comment,True,majority,3-0,0,0
t1_p72y08e,0,0.06465348601341248,-2.671875,0,0,0.04002462434676582,taglish,comment,True,majority,3-0,0,0
t1_p72yo6v,0,0.28378137946128845,-0.92578125,0,0,0.249562750119815,taglish,comment,True,majority,3-0,0,0
t1_p72yt57,0,0.1030244380235672,-2.1640625,0,0,0.07086229158137215,taglish,comment,True,majority,3-0,0,0
t1_p72zfo4,0,0.5103954672813416,0.04158782958984375,1,1,0.5123616161566117,tagalog,comment,True,adjudicator,2-1,0,1
t1_p730s7k,0,0.06512754410505295,-2.6640625,0,0,0.04038312642469323,taglish,comment,True,majority,3-0,0,0
t1_p731obh,0,0.7570766806602478,1.13671875,1,1,0.7944227746080158,tagalog,comment,True,majority,3-0,0,0
t1_p7324tn,0,0.2011847198009491,-1.37890625,0,0,0.16249158121330567,tagalog,comment,True,unanimous,3-0,0,0
t1_p7332av,0,0.03676946833729744,-3.265625,0,0,0.020163642187874958,taglish,comment,True,majority,3-0,0,0
t1_p73690z,0,0.30985841155052185,-0.80078125,0,0,0.27842356144063996,tagalog,comment,True,adjudicator,2-1,0,1
t1_p739rsl,0,0.10594828426837921,-2.1328125,0,0,0.07334847937341782,taglish,comment,True,majority,3-0,0,0
t1_p73azaa,0,0.07211221009492874,-2.5546875,0,0,0.045736090655904414,taglish,comment,True,majority,3-0,0,0
t1_p73bf3o,0,0.08210662752389908,-2.4140625,0,0,0.05361501432250988,tagalog,comment,True,adjudicator,2-1,0,1
t1_p73c4yz,0,0.7570766806602478,1.13671875,1,1,0.7944227746080158,tagalog,comment,True,adjudicator,2-1,0,0
t1_p73cwi9,0,0.16451646387577057,-1.625,0,0,0.12647837269938303,taglish,comment,True,majority,3-0,0,0
t1_p73d24m,0,0.16559313237667084,-1.6171875,0,0,0.12750838892487698,english,comment,True,majority,3-0,0,0
t1_p73gjdk,0,0.08269734680652618,-2.40625,0,0,0.05408838736301812,english,comment,True,majority,3-0,0,0
t1_p73l2yp,0,0.16830945014953613,-1.59765625,0,0,0.1301147922349188,taglish,comment,True,majority,3-0,0,0
t1_p73l304,0,0.23792988061904907,-1.1640625,0,0,0.20031746135926515,english,comment,True,majority,3-0,0,0
t1_p73lg55,0,0.04535258188843727,-3.046875,0,0,0.025998717043457367,taglish,comment,True,majority,3-0,0,0
t1_p73lp9u,0,0.20946967601776123,-1.328125,0,0,0.170878249123796,english,comment,True,majority,3-0,0,0
t1_p73lsd9,0,0.10743748396635056,-2.1171875,0,0,0.0746214816851354,english,comment,True,majority,3-0,0,0
t1_p73lthh,0,0.13614831864833832,-1.84765625,0,0,0.09999807570458517,taglish,comment,True,majority,3-0,0,0
t1_p73ltjr,0,0.2693256139755249,-0.998046875,0,0,0.23381661333586173,english,comment,True,majority,3-0,0,0
t1_p73lws3,0,0.1629120409488678,-1.63671875,0,0,0.12494669668297209,taglish,comment,True,majority,3-0,0,0
t1_p73lxdn,0,0.2549724876880646,-1.072265625,0,0,0.21837762979333197,english,comment,True,adjudicator,3-0,0,0
t1_p73m224,0,0.6787529587745667,0.748046875,1,1,0.7088040419931255,tagalog,comment,True,adjudicator,2-1,0,0
t1_p73m7fg,0,0.200557678937912,-1.3828125,0,0,0.16186039656362236,english,comment,True,majority,3-0,0,0
t1_p73mcow,0,0.27009502053260803,-0.994140625,0,0,0.23464983814224555,taglish,comment,True,majority,3-0,0,0
t1_p73mgga,0,0.11716747283935547,-2.01953125,0,0,0.08304765282226657,tagalog,comment,True,majority,3-0,0,0
t1_p73mpuk,0,0.25608712434768677,-1.06640625,0,0,0.21956932511528995,tagalog,comment,True,adjudicator,2-1,0,0
t1_p73napw,0,0.11676401644945145,-2.0234375,0,0,0.08269459119541198,english,comment,True,majority,3-0,0,0
t1_p73o9cq,0,0.19559408724308014,-1.4140625,0,0,0.15688197460657236,english,comment,True,unanimous,3-0,0,0
t1_p73oayr,0,0.34334173798561096,-0.6484375,0,0,0.31623547454314643,taglish,comment,True,majority,3-0,0,0
t1_p73oenm,0,0.8624675869941711,1.8359375,1,1,0.8987406936336045,tagalog,comment,True,majority,3-0,0,0
t1_p73oo5i,1,0.4236964285373688,-0.3076171875,0,0,0.4095513092108882,tagalog,comment,True,adjudicator,2-1,1,0
t1_p73q478,0,0.3363310694694519,-0.6796875,0,0,0.3082551742343961,english,comment,True,adjudicator,2-1,0,0
t1_p73q9ap,0,0.8019358515739441,1.3984375,1,1,0.8406445697704241,tagalog,comment,True,adjudicator,2-1,0,0
t1_p73qhx0,0,0.18952110409736633,-1.453125,0,0,0.150835051309789,taglish,comment,True,adjudicator,2-1,0,0
t1_p73qnil,0,0.39140596985816956,-0.44140625,0,0,0.3717016882555643,taglish,comment,True,majority,3-0,0,0
t1_p73qywm,1,0.17384853959083557,-1.55859375,0,0,0.13546356053949013,english,comment,True,unanimous,3-0,1,1
t1_p73r713,0,0.43398144841194153,-0.265625,0,0,0.42167938453665255,tagalog,comment,True,adjudicator,2-1,0,1
t1_p73r9ah,0,0.8610715270042419,1.82421875,1,1,0.8974653679146942,tagalog,comment,True,adjudicator,2-1,0,1
t1_p73rln3,0,0.5306621789932251,0.122802734375,1,1,0.536444722798642,taglish,comment,True,unanimous,3-0,0,0
t1_p73rmiw,0,0.18713268637657166,-1.46875,0,0,0.14847048846695027,taglish,comment,True,majority,3-0,0,0
t1_p73rs6i,0,0.2233770787715912,-1.24609375,0,0,0.18514610554760244,tagalog,comment,True,adjudicator,2-1,0,1
t1_p73s14s,1,0.5267688035964966,0.107177734375,1,1,0.5318210645259992,taglish,comment,True,majority,3-0,1,1
t1_p73t8s1,0,0.17384853959083557,-1.55859375,0,0,0.13546356053949013,tagalog,comment,True,adjudicator,2-1,0,0
t1_p73tcqr,0,0.7268136143684387,0.978515625,1,1,0.7619967104361024,taglish,comment,True,majority,3-0,0,0
t1_p73uwo5,0,0.14854057133197784,-1.74609375,0,0,0.11140522203427455,taglish,comment,True,majority,3-0,0,0
t1_p73whxy,0,0.04958902671933174,-2.953125,0,0,0.02897616944174692,taglish,comment,True,majority,3-0,0,0
t1_p73wuws,0,0.18535661697387695,-1.48046875,0,0,0.14671721663869916,taglish,comment,True,adjudicator,2-1,0,1
t1_p73xp3y,0,0.13341522216796875,-1.87109375,0,0,0.09751745159770717,tagalog,comment,True,unanimous,3-0,0,0
t1_p73y8o3,0,0.053403329104185104,-2.875,0,0,0.03170782266449737,english,comment,True,majority,3-0,0,0
t1_p7401pr,0,0.21933749318122864,-1.26953125,0,0,0.1809779812323171,tagalog,comment,True,adjudicator,2-1,0,0
t1_p740s7a,1,0.06705629080533981,-2.6328125,0,0,0.041848122926036804,taglish,comment,True,adjudicator,2-1,1,1
t1_p742bdi,0,0.5985468626022339,0.3994140625,1,1,0.6165632053728713,english,comment,True,adjudicator,2-1,0,0
t1_p742cdq,1,0.41679665446281433,-0.3359375,0,0,0.4014326527478294,english,comment,True,unanimous,3-0,1,1
t1_p742eq6,0,0.35801631212234497,-0.583984375,0,0,0.33303757827475927,taglish,comment,True,adjudicator,2-1,0,0
t1_p742mvf,0,0.1705079972743988,-1.58203125,0,0,0.13223241579172082,taglish,comment,True,unanimous,3-0,0,0
t1_p742tbm,0,0.34687307476997375,-0.6328125,0,0,0.32026698337807363,tagalog,comment,True,adjudicator,3-0,0,1
t1_p742w7h,0,0.38006845116615295,-0.4892578125,0,0,0.35851187897123454,taglish,comment,True,majority,3-0,0,0
t1_p7435vc,0,0.8840392827987671,2.03125,1,1,0.9180074376385635,tagalog,comment,True,adjudicator,2-1,0,1
t1_p743b24,0,0.8031737804412842,1.40625,1,1,0.8418852258296391,taglish,comment,True,unanimous,3-0,0,0
t1_p7442sg,0,0.17838265001773834,-1.52734375,0,0,0.1398750609172413,tagalog,comment,True,adjudicator,2-1,0,1
t1_p7446ww,0,0.22270013391971588,-1.25,0,0,0.1844463016708196,taglish,comment,True,majority,3-0,0,0
t1_p7447d8,0,0.2762998044490814,-0.962890625,0,0,0.2413895506842137,taglish,comment,True,majority,3-0,0,0
t1_p744yjy,0,0.06512754410505295,-2.6640625,0,0,0.04038312642469323,taglish,comment,True,majority,3-0,0,0
t1_p745nm4,0,0.08632347732782364,-2.359375,0,0,0.05701233591734254,taglish,comment,True,unanimous,3-0,0,0
t1_p746quy,0,0.2802222669124603,-0.943359375,0,0,0.2456683479720021,taglish,comment,True,majority,3-0,0,0
t1_p746z7f,1,0.3268083333969116,-0.72265625,0,0,0.2974672354225198,tagalog,comment,True,unanimous,3-0,1,1
t1_p749kpc,0,0.11596072465181351,-2.03125,0,0,0.08199256236143651,tagalog,comment,True,adjudicator,2-1,0,0
t1_p74auzk,0,0.224735289812088,-1.23828125,0,0,0.18655186491459871,english,comment,True,majority,3-0,0,0
t1_p74b2gk,0,0.19314739108085632,-1.4296875,0,0,0.15443985780521036,taglish,comment,True,unanimous,3-0,0,0
t1_p74bw25,0,0.3056972920894623,-0.8203125,0,0,0.27378132686342194,tagalog,comment,True,adjudicator,2-1,0,0
t1_p74dltk,0,0.1225232183933258,-1.96875,0,0,0.08776366591099591,taglish,comment,True,unanimous,3-0,0,0
t1_p74e40k,0,0.08269734680652618,-2.40625,0,0,0.05408838736301812,english,comment,True,majority,3-0,0,0
t1_p74ely0,0,0.1901218295097351,-1.44921875,0,0,0.15143100989332017,taglish,comment,True,adjudicator,2-1,0,0
t1_p74em8i,0,0.7394223809242249,1.04296875,1,1,0.7756172488330134,english,comment,True,adjudicator,2-1,0,0
t1_p74eoly,1,0.20689406991004944,-1.34375,0,0,0.16826173943852138,taglish,comment,True,unanimous,3-0,1,1
t1_p74ikrc,0,0.07978201657533646,-2.4453125,0,0,0.05176034166174364,taglish,comment,True,majority,3-0,0,0
t1_p74jed9,0,0.19072403013706207,-1.4453125,0,0,0.15202890158149193,taglish,comment,True,unanimous,3-0,0,0
t1_p74l3ot,0,0.1778108775615692,-1.53125,0,0,0.13931711428922144,tagalog,comment,True,adjudicator,2-1,0,0
t1_p74lbe3,0,0.3315524458885193,-0.701171875,0,0,0.30283403436612816,tagalog,comment,True,adjudicator,2-1,0,1
t1_p74mce8,0,0.2267836332321167,-1.2265625,0,0,0.1886759036904617,taglish,comment,True,unanimous,3-0,0,0
t1_p74metr,0,0.2693256139755249,-0.998046875,0,0,0.23381661333586173,tagalog,comment,True,adjudicator,2-1,0,1
t1_p74nozt,0,0.4728052020072937,-0.10888671875,0,0,0.4676729421802348,english,comment,True,majority,3-0,0,0
t1_p74okhz,0,0.1555909961462021,-1.69140625,0,0,0.11800781473740685,tagalog,comment,True,adjudicator,3-0,0,0
t1_p74oy14,0,0.08570928126573563,-2.3671875,0,0,0.05651490184896655,tagalog,comment,True,majority,3-0,0,0
t1_p74p0np,0,0.760650634765625,1.15625,1,1,0.798190116475637,tagalog,comment,True,adjudicator,2-1,0,1
t1_p74po25,0,0.46976348757743835,-0.12109375,0,0,0.46406069917210546,tagalog,comment,True,adjudicator,2-1,0,1
t1_p74pqmh,0,0.1398656666278839,-1.81640625,0,0,0.10339273498164307,tagalog,comment,True,adjudicator,2-1,0,1
t1_p74pu6f,0,0.12721826136112213,-1.92578125,0,0,0.09194179506186882,taglish,comment,True,adjudicator,2-1,0,1
t1_p74qbp4,0,0.2628418207168579,-1.03125,0,0,0.22681742058278329,tagalog,comment,True,majority,3-0,0,0
t1_p74qmzd,0,0.2011847198009491,-1.37890625,0,0,0.16249158121330567,tagalog,comment,True,adjudicator,2-1,0,1
t1_p74qsqq,1,0.7786493301391602,1.2578125,1,1,0.8169471617266475,tagalog,comment,True,majority,3-0,1,1
t1_p74qtsz,0,0.3195458948612213,-0.755859375,0,0,0.2892820799911976,tagalog,comment,True,unanimous,3-0,0,0
t1_p74qxt5,0,0.1650540828704834,-1.62109375,0,0,0.12699248843506353,taglish,comment,True,majority,3-0,0,0
t1_p74qzfr,1,0.8519527316093445,1.75,1,1,0.8890538097913834,tagalog,comment,True,majority,3-0,1,1
t1_p74rzdi,0,0.6495786309242249,0.6171875,1,1,0.6756744904029369,tagalog,comment,True,adjudicator,2-1,0,0
t1_p74smsg,0,0.7924642562866211,1.33984375,1,1,0.831087144234529,tagalog,comment,True,unanimous,3-0,0,0
t1_p74suws,0,0.05541279539465904,-2.8359375,0,0,0.03316550324581615,taglish,comment,True,majority,3-0,0,0
t1_p74t9az,0,0.06608537584543228,-2.6484375,0,0,0.04110937897992363,taglish,comment,True,majority,3-0,0,0
t1_p74tfnh,0,0.037326887249946594,-3.25,0,0,0.020534047315554225,taglish,comment,True,unanimous,3-0,0,0
t1_p74tjen,0,0.04603390395641327,-3.03125,0,0,0.026473416130691544,taglish,comment,True,majority,3-0,0,0
t1_p74tlgq,0,0.04501553252339363,-3.0546875,0,0,0.02576448434555595,taglish,comment,True,majority,3-0,0,0
t1_p74to1m,0,0.06705629080533981,-2.6328125,0,0,0.041848122926036804,taglish,comment,True,adjudicator,2-1,0,0
t1_p74tsga,0,0.46672412753105164,-0.13330078125,0,0,0.46045222328862406,english,comment,True,majority,3-0,0,0
t1_p74ueit,0,0.049958519637584686,-2.9453125,0,0,0.02923872423616433,taglish,comment,True,unanimous,3-0,0,0
t1_p74upfg,0,0.3464307188987732,-0.634765625,0,0,0.31976155850075194,english,comment,True,majority,3-0,0,0
t1_p74ve93,0,0.1398656666278839,-1.81640625,0,0,0.10339273498164307,english,comment,True,majority,3-0,0,0
t1_p74vm16,0,0.19993212819099426,-1.38671875,0,0,0.16123119169686187,english,comment,True,majority,3-0,0,0
t1_p74w4x6,1,0.34466397762298584,-0.642578125,0,0,0.3177440972624189,taglish,comment,True,adjudicator,2-1,1,0
t1_p74wdcy,0,0.19993212819099426,-1.38671875,0,0,0.16123119169686187,taglish,comment,True,unanimous,3-0,0,0
t1_p74wg6l,0,0.07751766592264175,-2.4765625,0,0,0.04996643926255239,english,comment,True,majority,3-0,0,0
t1_p74xnsz,1,0.5686553716659546,0.2763671875,1,1,0.5814327693749277,english,comment,True,majority,3-0,1,1
t1_p74y1de,0,0.11476478725671768,-2.04296875,0,0,0.0809496930744057,english,comment,True,unanimous,3-0,0,0
t1_p74y6fq,0,0.0541987307369709,-2.859375,0,0,0.032283306749067146,taglish,comment,True,majority,3-0,0,0
t1_p74yd6e,0,0.12421301752328873,-1.953125,0,0,0.08926275180885183,english,comment,True,majority,3-0,0,0
t1_p750uar,0,0.8365545868873596,1.6328125,1,1,0.8745445194308061,taglish,comment,True,majority,3-0,0,0
t1_p750vgw,1,0.5926666259765625,0.375,1,1,0.6096765147470409,taglish,comment,True,majority,3-0,1,1
t1_p7518kr,1,0.1427091360092163,-1.79296875,0,0,0.10600525824559072,tagalog,comment,True,majority,3-0,1,1
t1_p7537xf,0,0.043042849749326706,-3.1015625,0,0,0.02440165070190581,taglish,comment,True,unanimous,3-0,0,0
t1_p753tau,0,0.2751297354698181,-0.96875,0,0,0.24011586452065134,tagalog,comment,True,majority,3-0,0,0
t1_p753zn1,0,0.0838903859257698,-2.390625,0,0,0.05504697741080492,taglish,comment,True,majority,3-0,0,0
t1_p754306,0,0.14511536061763763,-1.7734375,0,0,0.10822663804439493,english,comment,True,adjudicator,2-1,0,1
t1_p7547vn,0,0.272024542093277,-0.984375,0,0,0.23674189495217726,english,comment,True,majority,3-0,0,0
t1_p756zjs,0,0.33415472507476807,-0.689453125,0,0,0.3057843437277214,english,comment,True,unanimous,3-0,0,0
t1_p759tqm,0,0.5971381068229675,0.3935546875,1,1,0.6149145445932627,tagalog,comment,True,unanimous,3-0,0,0
t1_p75cezi,0,0.07751766592264175,-2.4765625,0,0,0.04996643926255239,english,comment,True,majority,3-0,0,0
t1_p75cfk1,0,0.07751766592264175,-2.4765625,0,0,0.04996643926255239,english,comment,True,majority,3-0,0,0
t1_p75e3qj,0,0.04778006672859192,-2.9921875,0,0,0.027697342436360083,taglish,comment,True,majority,3-0,0,0
t1_p75eglh,0,0.17384853959083557,-1.55859375,0,0,0.13546356053949013,taglish,comment,True,majority,3-0,0,0
t1_p75eh8d,1,0.32295286655426025,-0.740234375,0,0,0.29311727598716725,taglish,comment,True,majority,3-0,1,1
t1_p75euy4,1,0.18952110409736633,-1.453125,0,0,0.150835051309789,taglish,comment,True,majority,3-0,1,1
t1_p75f6ia,0,0.6322757005691528,0.5419921875,1,1,0.655779229495248,taglish,comment,True,majority,3-0,0,0
t1_p75fi9e,0,0.38722679018974304,-0.458984375,0,0,0.3668330051954694,english,comment,True,adjudicator,2-1,0,0
t1_p75g7hh,0,0.1795305460691452,-1.51953125,0,0,0.1409965672362772,tagalog,comment,True,adjudicator,2-1,0,0
t1_p75g8kv,0,0.6783269047737122,0.74609375,1,1,0.7083244084509656,tagalog,comment,True,adjudicator,2-1,0,0
t1_p75g9y4,0,0.2954331338405609,-0.869140625,0,0,0.26238904542714525,tagalog,comment,True,adjudicator,2-1,0,0
t1_p75gwjv,1,0.42286208271980286,-0.31103515625,0,0,0.4085687565527483,taglish,comment,True,adjudicator,2-1,1,0
t1_p75gz21,1,0.48249006271362305,-0.070068359375,0,1,0.4791805968149786,taglish,comment,True,adjudicator,2-1,1,1
t1_p75imjy,0,0.08210662752389908,-2.4140625,0,0,0.05361501432250988,taglish,comment,True,majority,3-0,0,0
t1_p75itto,0,0.10158944875001907,-2.1796875,0,0,0.06964859230454833,taglish,comment,True,majority,3-0,0,0
t1_p75je3m,0,0.05184547230601311,-2.90625,0,0,0.030586480321749796,taglish,comment,True,majority,3-0,0,0
t1_p75kifr,0,0.10087861120700836,-2.1875,0,0,0.0690489796069979,english,comment,True,unanimous,3-0,0,0
t1_p75ksdr,0,0.6829967498779297,0.767578125,1,1,0.7135747020730404,tagalog,comment,True,majority,3-0,0,0
t1_p75lqbr,0,0.8272706270217896,1.56640625,1,1,0.8656208202764278,taglish,comment,True,majority,3-0,0,0
t1_p75lsgh,0,0.37547746300697327,-0.5087890625,0,0,0.353187911860485,tagalog,comment,True,majority,3-0,0,0
t1_p75m85e,0,0.10594828426837921,-2.1328125,0,0,0.07334847937341782,taglish,comment,True,majority,3-0,0,0
t1_p75nrvi,0,0.36251771450042725,-0.564453125,0,0,0.33821662710269995,english,comment,True,adjudicator,2-1,0,0
t1_p75oau8,0,0.047074176371097565,-3.0078125,0,0,0.027201310134468026,taglish,comment,True,majority,3-0,0,0
t1_p75odws,0,0.07807817310094833,-2.46875,0,0,0.05040931448601174,taglish,comment,True,unanimous,3-0,0,0
t1_p75ofnj,1,0.43890541791915894,-0.24560546875,0,0,0.4274957600965397,tagalog,comment,True,majority,3-0,1,1
t1_p75p4b8,0,0.6645402908325195,0.68359375,1,1,0.692734486603995,tagalog,comment,True,adjudicator,2-1,0,1
t1_p75p9x9,0,0.25608712434768677,-1.06640625,0,0,0.21956932511528995,tagalog,comment,True,adjudicator,2-1,0,1
t1_p75paso,0,0.2724114954471588,-0.982421875,0,0,0.2371618468251526,taglish,comment,True,adjudicator,2-1,0,1
t1_p75pjpp,0,0.7577943801879883,1.140625,1,1,0.7951803918744569,tagalog,comment,True,adjudicator,2-1,0,0
t1_p75ptee,0,0.24725964665412903,-1.11328125,0,0,0.21016651768531056,tagalog,comment,True,majority,3-0,0,0
t1_p75qcc8,0,0.21011726558208466,-1.32421875,0,0,0.171537402284092,taglish,comment,True,unanimous,3-0,0,0
t1_p75qnxv,0,0.41466179490089417,-0.3447265625,0,0,0.39892380314609394,english,comment,True,majority,3-0,0,0
t1_p75qvxz,0,0.2613309323787689,-1.0390625,0,0,0.22519223853881634,english,comment,True,adjudicator,2-1,0,1
t1_p75rjkb,0,0.2186693549156189,-1.2734375,0,0,0.18029044603254593,tagalog,comment,True,adjudicator,2-1,0,1
t1_p75rv22,1,0.2133771777153015,-1.3046875,0,0,0.17486342782423037,english,comment,True,adjudicator,2-1,1,1
t1_p75rwe2,1,0.14463144540786743,-1.77734375,0,0,0.10777911463866278,tagalog,comment,True,adjudicator,2-1,1,0
t1_p75sb6f,1,0.7057850360870361,0.875,1,1,0.7389573159349158,tagalog,comment,True,majority,3-0,1,1
t1_p75ta58,0,0.19072403013706207,-1.4453125,0,0,0.15202890158149193,tagalog,comment,True,adjudicator,2-1,0,0
t1_p75u8oa,0,0.09467770159244537,-2.2578125,0,0,0.06386389557786684,taglish,comment,True,unanimous,3-0,0,0
t1_p75uf71,0,0.5021209716796875,0.00848388671875,1,1,0.5025222532172464,english,comment,True,majority,3-0,0,0
t1_p75ujk6,1,0.8068526387214661,1.4296875,1,1,0.8455601421947897,tagalog,comment,True,unanimous,3-0,1,1
t1_p75ukud,0,0.49883270263671875,-0.004669189453125,0,1,0.49861184523686203,english,comment,True,adjudicator,2-1,0,0
t1_p75vad5,0,0.2693256139755249,-0.998046875,0,0,0.23381661333586173,english,comment,True,adjudicator,2-1,0,0
t1_p75vjn0,0,0.08819004148244858,-2.3359375,0,0,0.05852942388993353,tagalog,comment,True,adjudicator,2-1,0,0
t1_p75vvh6,0,0.7697731852531433,1.20703125,1,1,0.8077428805099638,english,comment,True,unanimous,3-0,0,0
t1_p75wctw,0,0.7252596020698547,0.970703125,1,1,0.7603076745734736,taglish,comment,True,majority,3-0,0,0
t1_p75whm4,0,0.2609540820121765,-1.041015625,0,0,0.2247872361293304,taglish,comment,True,adjudicator,2-1,0,0
t1_p75wlro,0,0.37410444021224976,-0.5146484375,0,0,0.3515977294507495,english,comment,True,unanimous,3-0,0,0
t1_p75wmxj,0,0.053799647837877274,-2.8671875,0,0,0.03199431358709801,tagalog,comment,True,adjudicator,2-1,0,0
t1_p75y4gp,0,0.4719533324241638,-0.1123046875,0,0,0.4666611560719627,taglish,comment,True,adjudicator,2-1,0,1
t1_p75z2bv,1,0.38237205147743225,-0.4794921875,0,0,0.3611870960010533,taglish,comment,True,unanimous,3-0,1,1
t1_p760b01,0,0.7859664559364319,1.30078125,1,1,0.8244653009725889,tagalog,comment,True,majority,3-0,0,0
t1_p760jky,0,0.5929023027420044,0.3759765625,1,1,0.6099528436604922,tagalog,comment,True,adjudicator,2-1,0,0
t1_p760mru,0,0.8283842206001282,1.57421875,1,1,0.8666978590917448,tagalog,comment,True,majority,3-0,0,0
t1_p76285e,0,0.4157288372516632,-0.34033203125,0,0,0.4001775735491751,taglish,comment,True,unanimous,3-0,0,0
t1_p762lky,0,0.38954654335975647,-0.44921875,0,0,0.36953454573142397,tagalog,comment,True,adjudicator,2-1,0,1
t1_p762sf2,1,0.7718434929847717,1.21875,1,1,0.8098977887340177,taglish,comment,True,majority,3-0,1,1
t1_p764s1y,0,0.12984344363212585,-1.90234375,0,0,0.0942954062916717,tagalog,comment,True,adjudicator,2-1,0,0
t1_p764y35,0,0.09877258539199829,-2.2109375,0,0,0.0672787089941717,taglish,comment,True,majority,3-0,0,0
t1_p7655u1,0,0.6322757005691528,0.5419921875,1,1,0.655779229495248,tagalog,comment,True,adjudicator,2-1,0,0
t1_p767qhe,1,0.2260994017124176,-1.23046875,0,0,0.18796583568980396,tagalog,comment,True,adjudicator,3-0,1,1
t1_p7693zn,0,0.09467770159244537,-2.2578125,0,0,0.06386389557786684,taglish,comment,True,unanimous,3-0,0,0
t1_p76a04r,1,0.6918097734451294,0.80859375,1,1,0.7234391244384036,tagalog,comment,True,majority,3-0,1,1
t1_p76bylz,1,0.24148938059806824,-1.14453125,0,0,0.20406406572014105,english,comment,True,adjudicator,2-1,1,0
t1_p76e2rw,0,0.053403329104185104,-2.875,0,0,0.03170782266449737,english,comment,True,majority,3-0,0,0
t1_p76hk6t,0,0.5229635834693909,0.0919189453125,1,1,0.5273004873008927,english,comment,True,majority,3-0,0,0
t1_p76hwfx,0,0.08269734680652618,-2.40625,0,0,0.05408838736301812,taglish,comment,True,majority,3-0,0,0
t1_p76hzqg,0,0.055005285888910294,-2.84375,0,0,0.03286888108470324,taglish,comment,True,unanimous,3-0,0,0
t1_p76idpi,0,0.17328819632530212,-1.5625,0,0,0.13492045062231073,taglish,comment,True,unanimous,3-0,0,0
t1_p76ijq2,0,0.05033063143491745,-2.9375,0,0,0.02950358577090915,taglish,comment,True,majority,3-0,0,0
t1_p76j0sy,0,0.16344542801380157,-1.6328125,0,0,0.1254554805691939,taglish,comment,True,majority,3-0,0,0
t1_p76j7qh,0,0.06097517907619476,-2.734375,0,0,0.03726447760073885,tagalog,comment,True,adjudicator,2-1,0,1
t1_p76m5bt,0,0.30611205101013184,-0.818359375,0,0,0.2742433745819004,english,comment,True,adjudicator,2-1,0,0
t1_p76mp20,0,0.1030244380235672,-2.1640625,0,0,0.07086229158137215,english,comment,True,adjudicator,2-1,0,0
t1_p76nqje,0,0.24148938059806824,-1.14453125,0,0,0.20406406572014105,tagalog,comment,True,unanimous,3-0,0,0
t1_p76o003,0,0.04922211542725563,-2.9609375,0,0,0.028715902567485067,tagalog,comment,True,adjudicator,2-1,0,0
t1_p76ojbn,0,0.1749734729528427,-1.55078125,0,0,0.13655531140694618,english,comment,True,majority,3-0,0,0
t1_p76okyw,0,0.05582314357161522,-2.828125,0,0,0.033464709621947385,taglish,comment,True,majority,3-0,0,0
t1_p76qr78,0,0.12592275440692902,-1.9375,0,0,0.09078489523819935,taglish,comment,True,unanimous,3-0,0,0
t1_p76qwcu,0,0.7446563243865967,1.0703125,1,1,0.7812256570142225,tagalog,comment,True,adjudicator,2-1,0,1
t1_p76r2xi,0,0.2685575783252716,-1.001953125,0,0,0.23298544656661777,tagalog,comment,True,adjudicator,2-1,0,0
t1_p76r6vy,0,0.32167303562164307,-0.74609375,0,0,0.2916755915490345,tagalog,comment,True,adjudicator,2-1,0,0
t1_p76rjoy,0,0.11124119907617569,-2.078125,0,0,0.07789329757237186,english,comment,True,majority,3-0,0,0
t1_p76t18e,0,0.05582314357161522,-2.828125,0,0,0.033464709621947385,taglish,comment,True,majority,3-0,0,0
t1_p76tjj1,0,0.03622005507349968,-3.28125,0,0,0.019799783576636563,taglish,comment,True,majority,3-0,0,0
t1_p76trep,1,0.7166153788566589,0.927734375,1,1,0.7508719892189839,taglish,comment,True,unanimous,3-0,1,1
t1_p76vpz3,1,0.7585106492042542,1.14453125,1,1,0.795935934279859,taglish,comment,True,majority,3-0,1,1
t1_p76xl88,0,0.15817435085773468,-1.671875,0,0,0.12044682587034415,taglish,comment,True,unanimous,3-0,0,0
t1_p773hqh,0,0.09807931631803513,-2.21875,0,0,0.06669803620588204,tagalog,comment,True,adjudicator,2-1,0,0
t1_p7741aw,0,0.7279754281044006,0.984375,1,1,0.7632581050478228,tagalog,comment,True,unanimous,3-0,0,0
t1_p774l94,0,0.04885777831077576,-2.96875,0,0,0.028457904924012165,taglish,comment,True,majority,3-0,0,0
t1_p775b3h,0,0.1761041283607483,-1.54296875,0,0,0.13765446011899501,english,comment,True,majority,3-0,0,0
t1_p775b8v,0,0.33111974596977234,-0.703125,0,0,0.3023438839651341,tagalog,comment,True,adjudicator,2-1,0,1
t1_p777n8a,0,0.33545970916748047,-0.68359375,0,0,0.30726551339600494,tagalog,comment,True,adjudicator,2-1,0,0
t1_p77cdyz,0,0.4478224813938141,-0.20947265625,0,0,0.43804346333136024,taglish,comment,True,majority,3-0,0,0
t1_p77cv5i,0,0.2233770787715912,-1.24609375,0,0,0.18514610554760244,english,comment,True,adjudicator,3-0,0,0
t1_p77ddzg,0,0.05707139894366264,-2.8046875,0,0,0.03437804308929698,taglish,comment,True,unanimous,3-0,0,0
t1_p77f4p4,0,0.3607141971588135,-0.572265625,0,0,0.3361402657944452,english,comment,True,unanimous,3-0,0,0
t1_p77gn5r,0,0.7154240012168884,0.921875,1,1,0.7495662533289182,taglish,comment,True,unanimous,3-0,0,0
t1_p77hvnr,0,0.1710611879825592,-1.578125,0,0,0.1327663659161135,taglish,comment,True,majority,3-0,0,0
t1_p77m0e8,0,0.0541987307369709,-2.859375,0,0,0.032283306749067146,taglish,comment,True,unanimous,3-0,0,0
t1_p77mqk2,0,0.03817827254533768,-3.2265625,0,0,0.021102176500596717,taglish,comment,True,majority,3-0,0,0
t1_p77oxz9,0,0.13706977665424347,-1.83984375,0,0,0.10083733555110562,english,comment,True,adjudicator,2-1,0,1
t1_p77qerq,0,0.053403329104185104,-2.875,0,0,0.03170782266449737,taglish,comment,True,majority,3-0,0,0
t1_p77qzm1,0,0.06656918674707413,-2.640625,0,0,0.04147717744372475,english,comment,True,majority,3-0,0,0
t1_p77reee,0,0.3761647045612335,-0.505859375,0,0,0.3539842261558154,tagalog,comment,True,adjudicator,2-1,0,1
t1_p77rfio,0,0.08093671500682831,-2.4296875,0,0,0.05267997036584241,english,comment,True,majority,3-0,0,0
t1_p77ro88,0,0.09670579433441162,-2.234375,0,0,0.06555062865186623,taglish,comment,True,adjudicator,2-1,0,0
t1_p77ru5i,0,0.09073548763990402,-2.3046875,0,0,0.060611142133322325,taglish,comment,True,unanimous,3-0,0,0
t1_p77sbcd,0,0.16079242527484894,-1.65234375,0,0,0.12292922103031796,english,comment,True,majority,3-0,0,0
t1_p77sdo4,0,0.13432106375694275,-1.86328125,0,0,0.0983381669678872,english,comment,True,majority,3-0,0,0
t1_p77sk36,0,0.15456733107566833,-1.69921875,0,0,0.1170442489900627,taglish,comment,True,adjudicator,2-1,0,0
t1_p77t2it,0,0.055005285888910294,-2.84375,0,0,0.03286888108470324,taglish,comment,True,unanimous,3-0,0,0
t1_p77t84c,0,0.31615811586380005,-0.771484375,0,0,0.2854767988556251,english,comment,True,adjudicator,2-1,0,0
t1_p77trkh,0,0.11879339814186096,-2.00390625,0,0,0.08447364412812908,taglish,comment,True,unanimous,3-0,0,0
t1_p77ttcl,0,0.06233103200793266,-2.7109375,0,0,0.03827740899962687,english,comment,True,majority,3-0,0,0
t1_p77u4ef,1,0.7627776861190796,1.16796875,1,1,0.8004256416187805,tagalog,comment,True,adjudicator,2-1,1,0
t1_p77unr5,0,0.11436852067708969,-2.046875,0,0,0.080604766499777,taglish,comment,True,majority,3-0,0,0
t1_p77uoky,1,0.11124119907617569,-2.078125,0,0,0.07789329757237186,taglish,comment,True,adjudicator,2-1,1,0
t1_p77uxsi,0,0.37868884205818176,-0.4951171875,0,0,0.35691095300020154,english,comment,True,unanimous,3-0,0,0
t1_p77v35j,0,0.06325051933526993,-2.6953125,0,0,0.03896732997425984,english,comment,True,majority,3-0,0,0
t1_p77v4is,0,0.24508504569530487,-1.125,0,0,0.20786252964869026,taglish,comment,True,majority,3-0,0,0
t1_p77vgly,0,0.07263670861721039,-2.546875,0,0,0.04614329154291316,taglish,comment,True,adjudicator,2-1,0,1
t1_p77vhmq,0,0.09877258539199829,-2.2109375,0,0,0.0672787089941717,taglish,comment,True,majority,3-0,0,0
t1_p77votq,0,0.07159119844436646,-2.5625,0,0,0.04533231241751324,taglish,comment,True,majority,3-0,0,0
t1_p77vte9,0,0.28378137946128845,-0.92578125,0,0,0.249562750119815,english,comment,True,adjudicator,2-1,0,0
t1_p77vx7p,0,0.5313613414764404,0.1256103515625,1,1,0.5372748958887587,english,comment,True,majority,3-0,0,0
t1_p77w7ob,0,0.11124119907617569,-2.078125,0,0,0.07789329757237186,english,comment,True,majority,3-0,0,0
t1_p77w7or,0,0.20434190332889557,-1.359375,0,0,0.16567728832521697,taglish,comment,True,majority,3-0,0,0
t1_p77wo3f,0,0.08151976019144058,-2.421875,0,0,0.05314555140233081,taglish,comment,True,majority,3-0,0,0
t1_p77wola,0,0.2107662856578827,-1.3203125,0,0,0.17219857001349806,taglish,comment,True,adjudicator,2-1,0,0
t1_p77wqnl,0,0.047074176371097565,-3.0078125,0,0,0.027201310134468026,taglish,comment,True,unanimous,3-0,0,0
t1_p77wrq7,0,0.09073548763990402,-2.3046875,0,0,0.060611142133322325,taglish,comment,True,unanimous,3-0,0,0
t1_p77x3cx,0,0.06804042309522629,-2.6171875,0,0,0.04259955248158732,taglish,comment,True,majority,3-0,0,0
t1_p77xju6,0,0.5008544921875,0.00341796875,1,1,0.5010161667900342,tagalog,comment,True,adjudicator,2-1,0,0
t1_p77y5ul,0,0.7074047327041626,0.8828125,1,1,0.7407454998893747,english,comment,True,majority,3-0,0,0
t1_p77yaid,0,0.11124119907617569,-2.078125,0,0,0.07789329757237186,english,comment,True,majority,3-0,0,0
t1_p77ydf9,0,0.06853749603033066,-2.609375,0,0,0.042980085677544806,taglish,comment,True,unanimous,3-0,0,0
t1_p77yljm,0,0.2925952970981598,-0.8828125,0,0,0.25925450011062545,english,comment,True,majority,3-0,0,0
t1_p77ytu9,0,0.5307381749153137,0.12310791015625,1,1,0.5365349688735105,english,comment,True,unanimous,3-0,0,0
t1_p77ywug,0,0.13799647986888885,-1.83203125,0,0,0.1016828433012154,taglish,comment,True,adjudicator,2-1,0,0
t1_p77zrla,0,0.8311430811882019,1.59375,1,1,0.8693585212067115,tagalog,comment,True,majority,3-0,0,0
t1_p77zzxn,0,0.2970619201660156,-0.861328125,0,0,0.264191138636616,tagalog,comment,True,adjudicator,2-1,0,1
t1_p780jhn,0,0.47947320342063904,-0.0821533203125,0,0,0.4755950802554667,tagalog,comment,True,majority,3-0,0,0
t1_p780n2y,0,0.09467770159244537,-2.2578125,0,0,0.06386389557786684,taglish,comment,True,majority,3-0,0,0
t1_p781245,0,0.7394223809242249,1.04296875,1,1,0.7756172488330134,english,comment,True,adjudicator,2-1,0,0
t1_p781rv6,0,0.19868534803390503,-1.39453125,0,0,0.1599787111127664,english,comment,True,majority,3-0,0,0
t1_p7820ky,1,0.3350244164466858,-0.685546875,0,0,0.30677134655741123,taglish,comment,True,adjudicator,2-1,1,0
t1_p7821r9,1,0.2260994017124176,-1.23046875,0,0,0.18796583568980396,taglish,comment,True,majority,3-0,1,1
t1_p782p63,0,0.2590751051902771,-1.05078125,0,0,0.22276998770213807,english,comment,True,majority,3-0,0,0
t1_p78399m,0,0.08151976019144058,-2.421875,0,0,0.05314555140233081,english,comment,True,majority,3-0,0,0
t1_p783u0s,0,0.19072403013706207,-1.4453125,0,0,0.15202890158149193,taglish,comment,True,majority,3-0,0,0
t1_p784k7h,0,0.30074557662010193,-0.84375,0,0,0.2682747415111128,english,comment,True,adjudicator,2-1,0,0
t1_p784ts0,0,0.057918090373277664,-2.7890625,0,0,0.0350002388124042,taglish,comment,True,majority,3-0,0,0
t1_p785mpj,0,0.07864238321781158,-2.4609375,0,0,0.050855904984137765,english,comment,True,majority,3-0,0,0
t1_p785wnf,0,0.048136770725250244,-2.984375,0,0,0.027948643223033916,english,comment,True,majority,3-0,0,0
t1_p785ze5,0,0.18126320838928223,-1.5078125,0,0,0.14269290928015116,english,comment,True,adjudicator,2-1,0,0
t1_p786g4y,0,0.25645938515663147,-1.064453125,0,0,0.2199675939373613,english,comment,True,majority,3-0,0,0
t1_p786rb7,0,0.22815652191638947,-1.21875,0,0,0.19010221126598226,english,comment,True,adjudicator,2-1,0,0
t1_p787co1,0,0.1431877166032791,-1.7890625,0,0,0.10644629493066915,english,comment,True,majority,3-0,0,0
t1_p787d09,0,0.053799647837877274,-2.8671875,0,0,0.03199431358709801,taglish,comment,True,unanimous,3-0,0,0
t1_p787f5k,0,0.06325051933526993,-2.6953125,0,0,0.03896732997425984,tagalog,comment,True,adjudicator,2-1,0,1
t1_p788517,0,0.167763352394104,-1.6015625,0,0,0.12958991251933116,tagalog,comment,True,adjudicator,2-1,0,0
t1_p788ar1,0,0.06608537584543228,-2.6484375,0,0,0.04110937897992363,english,comment,True,majority,3-0,0,0
t1_p7895gy,0,0.05184547230601311,-2.90625,0,0,0.030586480321749796,taglish,comment,True,majority,3-0,0,0
t1_p789fxp,0,0.2632204294204712,-1.029296875,0,0,0.22722500865214892,tagalog,comment,True,adjudicator,2-1,0,0
t1_p78azsc,0,0.14560064673423767,-1.76953125,0,0,0.10867579333120232,taglish,comment,True,unanimous,3-0,0,0
t1_p78b5um,0,0.39466747641563416,-0.427734375,0,0,0.37550658859372943,english,comment,True,adjudicator,2-1,0,0
t1_p78ba67,0,0.1937568634748459,-1.42578125,0,0,0.1550474586325307,taglish,comment,True,adjudicator,2-1,0,0
t1_p78bc8f,0,0.26020145416259766,-1.044921875,0,0,0.22397878374971716,taglish,comment,True,adjudicator,2-1,0,0
t1_p78dkdt,0,0.3023911118507385,-0.8359375,0,0,0.2701024554527323,taglish,comment,True,adjudicator,2-1,0,1
t1_p78fc5l,1,0.0333368256688118,-3.3671875,0,0,0.017910710710778648,taglish,comment,True,unanimous,3-0,1,1
t1_p78jd3y,0,0.5271947979927063,0.10888671875,1,1,0.5323270578197652,english,comment,True,adjudicator,2-1,0,1
t1_p78k2ir,1,0.5891255140304565,0.3603515625,1,1,0.6055232225164913,taglish,comment,True,adjudicator,2-1,1,0
t1_p78kmta,0,0.0838903859257698,-2.390625,0,0,0.05504697741080492,tagalog,comment,True,adjudicator,2-1,0,0
t1_p78kto7,1,0.34554681181907654,-0.638671875,0,0,0.3187519785735547,english,comment,True,adjudicator,2-1,1,0
t1_p78ku2u,0,0.053403329104185104,-2.875,0,0,0.03170782266449737,taglish,comment,True,majority,3-0,0,0
t1_p78lkl6,0,0.09268777817487717,-2.28125,0,0,0.06221767527483517,tagalog,comment,True,majority,3-0,0,0
t1_p78llri,0,0.060086652636528015,-2.75,0,0,0.036603557505059656,tagalog,comment,True,adjudicator,2-1,0,0
t1_p78lpxo,1,0.1705079972743988,-1.58203125,0,0,0.13223241579172082,taglish,comment,True,majority,3-0,1,1
t1_p78rnqf,0,0.3048688769340515,-0.82421875,0,0,0.27285868778590133,tagalog,comment,True,adjudicator,2-1,0,0
t1_p78s50r,0,0.1063188686966896,-2.12890625,0,0,0.07366484253634516,english,comment,True,adjudicator,2-1,0,0
t1_p78sls3,0,0.13939638435840607,-1.8203125,0,0,0.10296289220421616,english,comment,True,adjudicator,2-1,0,0
t1_p78u6r9,1,0.7512834072113037,1.10546875,1,1,0.7882871084913279,tagalog,comment,True,majority,3-0,1,1
t1_p78wrsu,0,0.20817892253398895,-1.3359375,0,0,0.1695659780239975,tagalog,comment,True,adjudicator,2-1,0,1
t1_p78xgky,0,0.07369627058506012,-2.53125,0,0,0.046968065023667654,taglish,comment,True,majority,3-0,0,0
t1_p78y5du,0,0.1250653862953186,-1.9453125,0,0,0.09002092463390926,english,comment,True,majority,3-0,0,0
t1_p791hwq,0,0.060086652636528015,-2.75,0,0,0.036603557505059656,taglish,comment,True,adjudicator,3-0,0,0
t1_p792vtl,1,0.39350154995918274,-0.4326171875,0,0,0.3741459025994546,english,comment,True,adjudicator,2-1,1,0
t1_p796743,1,0.5392865538597107,0.157470703125,1,1,0.5466799842209605,taglish,comment,True,adjudicator,2-1,1,1
t1_p796mnx,1,0.1250653862953186,-1.9453125,0,0,0.09002092463390926,english,comment,True,adjudicator,2-1,1,1
t1_p796yea,0,0.5905430912971497,0.3662109375,1,1,0.6071864056353155,taglish,comment,True,unanimous,3-0,0,0
t1_p796zsd,0,0.06754669547080994,-2.625,0,0,0.04222223977520221,taglish,comment,True,unanimous,3-0,0,0
t1_p79aq8h,0,0.12721826136112213,-1.92578125,0,0,0.09194179506186882,taglish,comment,True,unanimous,3-0,0,0
t1_p79av9q,0,0.1555909961462021,-1.69140625,0,0,0.11800781473740685,taglish,comment,True,majority,3-0,0,0
t1_p79b0sj,0,0.12294380366802216,-1.96484375,0,0,0.08813629034936597,taglish,comment,True,majority,3-0,0,0
t1_p79bjy1,0,0.14804720878601074,-1.75,0,0,0.11094619020861662,english,comment,True,adjudicator,2-1,0,0
t1_p79bm3n,0,0.06903792917728424,-2.6015625,0,0,0.04336386413735613,taglish,comment,True,unanimous,3-0,0,0
t1_p79bp22,0,0.08570928126573563,-2.3671875,0,0,0.05651490184896655,tagalog,comment,True,adjudicator,2-1,0,0
t1_p79bxbq,0,0.13892841339111328,-1.82421875,0,0,0.10253463208530565,taglish,comment,True,majority,3-0,0,0
t1_p79c6su,0,0.41276684403419495,-0.3525390625,0,0,0.39669815632608857,taglish,comment,True,adjudicator,2-1,0,0
t1_p79cu01,0,0.8283842206001282,1.57421875,1,1,0.8666978590917448,taglish,comment,True,unanimous,3-0,0,0
t1_p79d9th,0,0.16940587759017944,-1.58984375,0,0,0.13116997582821324,tagalog,comment,True,adjudicator,2-1,0,0
t1_p79e778,0,0.1661335527896881,-1.61328125,0,0,0.12802607788327547,tagalog,comment,True,adjudicator,2-1,0,1
t1_p79ecqn,0,0.6171665787696838,0.4775390625,1,1,0.6382768194436635,english,comment,True,adjudicator,2-1,0,0
t1_p79eg95,0,0.1672186702489853,-1.60546875,0,0,0.1290668359987849,taglish,comment,True,unanimous,3-0,0,0
t1_p79ehh3,0,0.07640768587589264,-2.4921875,0,0,0.04909172560109891,taglish,comment,True,unanimous,3-0,0,0
t1_p79fo73,0,0.26020145416259766,-1.044921875,0,0,0.22397878374971716,tagalog,comment,True,adjudicator,2-1,0,0
t1_p79fxga,0,0.4270382523536682,-0.2939453125,0,0,0.4134886736381715,taglish,comment,True,adjudicator,2-1,0,0
t1_p79gkuq,0,0.1555909961462021,-1.69140625,0,0,0.11800781473740685,taglish,comment,True,adjudicator,2-1,0,0
t1_p79hd8z,0,0.16398024559020996,-1.62890625,0,0,0.12596603799065895,english,comment,True,majority,3-0,0,0
t1_p79hkin,0,0.1778108775615692,-1.53125,0,0,0.13931711428922144,taglish,comment,True,unanimous,3-0,0,0
t1_p79hyyd,1,0.31615811586380005,-0.771484375,0,0,0.2854767988556251,english,comment,True,adjudicator,2-1,1,1
t1_p79i6zf,0,0.15152934193611145,-1.72265625,0,0,0.1141944187126959,english,comment,True,majority,3-0,0,0
t1_p79ib3k,0,0.19253934919834137,-1.43359375,0,0,0.15383420454378288,taglish,comment,True,unanimous,3-0,0,0
t1_p79ibcs,0,0.16184942424297333,-1.64453125,0,0,0.12393443444781185,taglish,comment,True,unanimous,3-0,0,0
t1_p79ij3l,0,0.043042849749326706,-3.1015625,0,0,0.02440165070190581,taglish,comment,True,unanimous,3-0,0,0
t1_p79jg3r,0,0.03760863468050957,-3.2421875,0,0,0.02072173994070112,english,comment,True,majority,3-0,0,0
t1_p79la3p,0,0.08882029354572296,-2.328125,0,0,0.05904347978298766,taglish,comment,True,unanimous,3-0,0,0
t1_p79lawq,0,0.09203286468982697,-2.2890625,0,0,0.06167779505094783,taglish,comment,True,adjudicator,2-1,0,0
t1_p79lfcn,0,0.675336480140686,0.732421875,1,1,0.7049540060035598,english,comment,True,majority,3-0,0,0
t1_p79lp8v,0,0.06754669547080994,-2.625,0,0,0.04222223977520221,taglish,comment,True,majority,3-0,0,0
t1_p79m7m2,0,0.13386748731136322,-1.8671875,0,0,0.09792704283216298,english,comment,True,majority,3-0,0,0
t1_p79mayf,0,0.13117322325706482,-1.890625,0,0,0.09549234318883322,taglish,comment,True,majority,3-0,0,0
t1_p79nmkd,0,0.08882029354572296,-2.328125,0,0,0.05904347978298766,taglish,comment,True,majority,3-0,0,0
t1_p79nndi,0,0.09467770159244537,-2.2578125,0,0,0.06386389557786684,taglish,comment,True,adjudicator,2-1,0,0
t1_p79nzak,0,0.44089049100875854,-0.237548828125,0,0,0.42984225966724265,english,comment,True,majority,3-0,0,0
t1_p79o2hr,0,0.04054073989391327,-3.1640625,0,0,0.022693414415872554,tagalog,comment,True,adjudicator,2-1,0,0
t1_p79o9tm,0,0.06052939593791962,-2.7421875,0,0,0.03693259585415982,english,comment,True,majority,3-0,0,0
t1_p79p7nm,0,0.1778108775615692,-1.53125,0,0,0.13931711428922144,taglish,comment,True,majority,3-0,0,0
t1_p79pf4i,0,0.053799647837877274,-2.8671875,0,0,0.03199431358709801,taglish,comment,True,majority,3-0,0,0
t1_p79pfeh,0,0.08632347732782364,-2.359375,0,0,0.05701233591734254,english,comment,True,majority,3-0,0,0
t1_p79qkpy,0,0.11838509887456894,-2.0078125,0,0,0.08411507628305595,taglish,comment,True,majority,3-0,0,0
t1_p79tc8v,1,0.2133771777153015,-1.3046875,0,0,0.17486342782423037,tagalog,comment,True,adjudicator,2-1,1,0
t1_p79tgdx,0,0.03963883966207504,-3.1875,0,0,0.022083411147547253,taglish,comment,True,majority,3-0,0,0
t1_p79tkvu,0,0.12984344363212585,-1.90234375,0,0,0.0942954062916717,english,comment,True,majority,3-0,0,0
t1_p79tteg,1,0.5630176067352295,0.25341796875,1,1,0.5747765232122766,tagalog,comment,True,unanimous,3-0,1,1
t1_p79tu41,0,0.12210386991500854,-1.97265625,0,0,0.08739246587760305,taglish,comment,True,unanimous,3-0,0,0
t1_p79tvkg,1,0.45035937428474426,-0.19921875,0,0,0.4410473920318964,taglish,comment,True,unanimous,3-0,1,1
t1_p79v19c,1,0.44733956456184387,-0.21142578125,0,0,0.43747179414807413,taglish,comment,True,majority,3-0,1,1
t1_p79vpti,0,0.14414885640144348,-1.78125,0,0,0.107333219038969,tagalog,comment,True,adjudicator,2-1,0,0
t1_p79vtek,0,0.208823561668396,-1.33203125,0,0,0.17022110841857724,taglish,comment,True,majority,3-0,0,0
t1_p79w46z,0,0.27125170826911926,-0.98828125,0,0,0.23590353116001003,tagalog,comment,True,adjudicator,2-1,0,1
t1_p79wf25,0,0.06903792917728424,-2.6015625,0,0,0.04336386413735613,taglish,comment,True,majority,3-0,0,0
t1_p79wfkz,0,0.13296425342559814,-1.875,0,0,0.09710938910184348,tagalog,comment,True,unanimous,3-0,0,0
t1_p79x7re,0,0.0541987307369709,-2.859375,0,0,0.032283306749067146,taglish,comment,True,majority,3-0,0,0
t1_p79xe9y,0,0.332852303981781,-0.6953125,0,0,0.3043071775494384,tagalog,comment,True,majority,3-0,0,0
t1_p79xtsd,0,0.24364246428012848,-1.1328125,0,0,0.20633691787009387,english,comment,True,majority,3-0,0,0
t1_p79xxpp,0,0.15203222632408142,-1.71875,0,0,0.11466515652192286,taglish,comment,True,majority,3-0,0,0
t1_p79yd7y,0,0.0838903859257698,-2.390625,0,0,0.05504697741080492,taglish,comment,True,unanimous,3-0,0,0
t1_p79ylit,0,0.04146227613091469,-3.140625,0,0,0.023319865805170963,taglish,comment,True,majority,3-0,0,0
t1_p79zm51,0,0.13386748731136322,-1.8671875,0,0,0.09792704283216298,tagalog,comment,True,adjudicator,2-1,0,0
t1_p7a163b,0,0.21403354406356812,-1.30078125,0,0,0.1755346990274112,tagalog,comment,True,adjudicator,2-1,0,0
t1_p7a1lxz,1,0.36161550879478455,-0.568359375,0,0,0.3371776612062967,taglish,comment,True,adjudicator,2-1,1,1
t1_p7a1wg5,0,0.3324187695980072,-0.697265625,0,0,0.3038156818676852,english,comment,True,majority,3-0,0,0
t1_p7a25ft,0,0.07864238321781158,-2.4609375,0,0,0.050855904984137765,taglish,comment,True,unanimous,3-0,0,0
t1_p7a36dh,0,0.18068422377109528,-1.51171875,0,0,0.14212557985116697,english,comment,True,majority,3-0,0,0
t1_p7a3byo,0,0.04922211542725563,-2.9609375,0,0,0.028715902567485067,taglish,comment,True,unanimous,3-0,0,0
t1_p7a3pl2,0,0.13799647986888885,-1.83203125,0,0,0.1016828433012154,tagalog,comment,True,majority,3-0,0,0
t1_p7a4i1w,0,0.07864238321781158,-2.4609375,0,0,0.050855904984137765,taglish,comment,True,unanimous,3-0,0,0
t1_p7a4lhe,0,0.05582314357161522,-2.828125,0,0,0.033464709621947385,taglish,comment,True,unanimous,3-0,0,0
t1_p7a4s7r,0,0.11047115921974182,-2.0859375,0,0,0.07722859729130906,taglish,comment,True,unanimous,3-0,0,0
t1_p7a4x4d,0,0.46217572689056396,-0.15158653259277344,0,0,0.4550547019963366,english,comment,True,unanimous,3-0,0,0
t1_p7a55ro,0,0.11961366981267929,-1.99609375,0,0,0.08519494477629674,taglish,comment,True,unanimous,3-0,0,0
t1_p7a5716,0,0.0792103260755539,-2.453125,0,0,0.05130623818728736,english,comment,True,majority,3-0,0,0
t1_p7a7bo1,1,0.37799981236457825,-0.498046875,0,0,0.35611168413671357,english,comment,True,adjudicator,2-1,1,0
t1_p7a7f2g,0,0.13799647986888885,-1.83203125,0,0,0.1016828433012154,taglish,comment,True,unanimous,3-0,0,0
t1_p7a7fkl,0,0.15002882480621338,-1.734375,0,0,0.11279229505484169,taglish,comment,True,majority,3-0,0,0
t1_p7a7sqn,0,0.12294380366802216,-1.96484375,0,0,0.08813629034936597,taglish,comment,True,majority,3-0,0,0
t1_p7a8pop,0,0.10017221421003342,-2.1953125,0,0,0.06845414922004703,tagalog,comment,True,adjudicator,2-1,0,0
t1_p7a8qk5,1,0.3752484917640686,-0.509765625,0,0,0.35292265451922694,taglish,comment,True,majority,3-0,1,1
t1_p7a8s27,0,0.21800270676612854,-1.27734375,0,0,0.17960494999972434,taglish,comment,True,majority,3-0,0,0
t1_p7a9gyr,0,0.4279943108558655,-0.2900390625,0,0,0.4146156929047336,tagalog,comment,True,adjudicator,2-1,0,0
t1_p7a9mm4,1,0.5124333500862122,0.04974365234375,1,1,0.5147845651814396,english,comment,True,adjudicator,2-1,1,1
t1_p7aae1l,0,0.06804042309522629,-2.6171875,0,0,0.04259955248158732,taglish,comment,True,unanimous,3-0,0,0
t1_p7aaft1,0,0.026155617088079453,-3.6171875,0,0,0.013365998280449036,taglish,comment,True,majority,3-0,0,0
t1_p7aahw5,0,0.3993430435657501,-0.408203125,0,0,0.3809688312867065,english,comment,True,adjudicator,2-1,0,1
t1_p7aatno,0,0.17272931337356567,-1.56640625,0,0,0.1343791797235723,tagalog,comment,True,unanimous,3-0,0,0
t1_p7ab1f2,0,0.18184363842010498,-1.50390625,0,0,0.1432621251584481,taglish,comment,True,adjudicator,2-1,0,0
t1_p7abfqn,0,0.7627776861190796,1.16796875,1,1,0.8004256416187805,tagalog,comment,True,adjudicator,2-1,0,0
t1_p7abshr,0,0.13251455128192902,-1.87890625,0,0,0.09670285118004486,taglish,comment,True,adjudicator,2-1,0,0
t1_p7ac8ad,0,0.20946967601776123,-1.328125,0,0,0.170878249123796,tagalog,comment,True,adjudicator,2-1,0,0
t1_p7acp88,0,0.6947170495986938,0.822265625,1,1,0.7266802355615422,tagalog,comment,True,adjudicator,2-1,0,0
t1_p7ad8ct,0,0.23792988061904907,-1.1640625,0,0,0.20031746135926515,english,comment,True,majority,3-0,0,0
t1_p7adt55,1,0.26894140243530273,-1.0,0,0,0.23340077261295322,taglish,comment,True,adjudicator,2-1,1,1
t1_p7aepiv,0,0.09807931631803513,-2.21875,0,0,0.06669803620588204,tagalog,comment,True,adjudicator,2-1,0,0
t1_p7af9a2,0,0.18772760033607483,-1.46484375,0,0,0.1490587444649132,english,comment,True,majority,3-0,0,0
t1_p7af9i2,0,0.435421347618103,-0.259765625,0,0,0.4233795655183876,tagalog,comment,True,majority,3-0,0,0
t1_p7afn9w,0,0.17272931337356567,-1.56640625,0,0,0.1343791797235723,english,comment,True,majority,3-0,0,0
t1_p7afo2s,0,0.6099889278411865,0.447265625,1,1,0.6299241576609849,english,comment,True,majority,3-0,0,0
t1_p7afqiy,0,0.0838903859257698,-2.390625,0,0,0.05504697741080492,taglish,comment,True,unanimous,3-0,0,0
t1_p7ag9ah,0,0.06097517907619476,-2.734375,0,0,0.03726447760073885,english,comment,True,majority,3-0,0,0
t1_p7ahges,0,0.27318641543388367,-0.978515625,0,0,0.23800328956389755,tagalog,comment,True,adjudicator,2-1,0,0
t1_p7aiaaw,0,0.29098084568977356,-0.890625,0,0,0.2574742974717317,tagalog,comment,True,adjudicator,2-1,0,0
t1_p7airw8,0,0.7049732804298401,0.87109375,1,1,0.7380602383971943,taglish,comment,True,majority,3-0,0,0
t1_p7aja77,1,0.8037906289100647,1.41015625,1,1,0.8425026063271922,taglish,comment,True,adjudicator,3-0,1,1
t1_p7ajowh,0,0.29380956292152405,-0.876953125,0,0,0.2605948911196477,taglish,comment,True,adjudicator,2-1,0,0
t1_p7ak056,0,0.4608954191207886,-0.15673828125,0,0,0.4535358769381089,tagalog,comment,True,adjudicator,2-1,0,0
t1_p7ak5ny,0,0.17838265001773834,-1.52734375,0,0,0.1398750609172413,taglish,comment,True,majority,3-0,0,0
t1_p7akh1u,0,0.19682621955871582,-1.40625,0,0,0.15811477417036096,taglish,comment,True,majority,3-0,0,0
t1_p7akr6w,0,0.32124704122543335,-0.748046875,0,0,0.2911959580068745,taglish,comment,True,unanimous,3-0,0,0
t1_p7al2wt,0,0.15662017464637756,-1.68359375,0,0,0.11897824412101254,taglish,comment,True,unanimous,3-0,0,0
t1_p7alvaf,0,0.06853749603033066,-2.609375,0,0,0.042980085677544806,english,comment,True,majority,3-0,0,0
t1_p7am77z,1,0.8354835510253906,1.625,1,1,0.873521627300617,taglish,comment,True,majority,3-0,1,1
t1_p7ammcj,0,0.060086652636528015,-2.75,0,0,0.036603557505059656,taglish,comment,True,majority,3-0,0,0
t1_p7amptq,0,0.1475551873445511,-1.75390625,0,0,0.11048881459154881,tagalog,comment,True,adjudicator,2-1,0,0
t1_p7amr7k,0,0.1540575623512268,-1.703125,0,0,0.11656503016838424,taglish,comment,True,adjudicator,2-1,0,0
t1_p7amre1,0,0.06754669547080994,-2.625,0,0,0.04222223977520221,english,comment,True,majority,3-0,0,0
t1_p7anc03,0,0.07316472381353378,-2.5390625,0,0,0.046553940983649456,taglish,comment,True,unanimous,3-0,0,0
t1_p7anh8l,1,0.32209938764572144,-0.744140625,0,0,0.29215568947518056,taglish,comment,True,adjudicator,2-1,1,0
t1_p7aokq0,0,0.0838903859257698,-2.390625,0,0,0.05504697741080492,taglish,comment,True,unanimous,3-0,0,0
t1_p7aors1,1,0.11476478725671768,-2.04296875,0,0,0.0809496930744057,tagalog,comment,True,adjudicator,2-1,1,1
t1_p7ap70e,0,0.04084571823477745,-3.15625,0,0,0.022900383378947134,taglish,comment,True,majority,3-0,0,0
t1_p7apb0n,0,0.11318691074848175,-2.05859375,0,0,0.07957801855935821,english,comment,True,majority,3-0,0,0
t1_p7apo08,0,0.1427091360092163,-1.79296875,0,0,0.10600525824559072,taglish,comment,True,majority,3-0,0,0
t1_p7aqfg2,0,0.22270013391971588,-1.25,0,0,0.1844463016708196,english,comment,True,unanimous,3-0,0,0
t1_p7aqkt5,0,0.2685575783252716,-1.001953125,0,0,0.23298544656661777,tagalog,comment,True,adjudicator,2-1,0,1
t1_p7aqqfj,0,0.2166738063097,-1.28515625,0,0,0.1782400686203205,tagalog,comment,True,majority,3-0,0,0
t1_p7aquf7,1,0.28656840324401855,-0.912109375,0,0,0.2526200784484905,english,comment,True,adjudicator,2-1,1,0
t1_p7aqx6b,0,0.10158944875001907,-2.1796875,0,0,0.06964859230454833,taglish,comment,True,adjudicator,2-1,0,0
t1_p7arfn0,0,0.0384661927819252,-3.21875,0,0,0.02129494923941199,taglish,comment,True,unanimous,3-0,0,0
t1_p7artsm,0,0.20817892253398895,-1.3359375,0,0,0.1695659780239975,taglish,comment,True,adjudicator,2-1,0,0
t1_p7as6az,0,0.0844927504658699,-2.3828125,0,0,0.05553225154825975,tagalog,comment,True,majority,3-0,0,0
t1_p7asonj,1,0.32809871435165405,-0.716796875,0,0,0.2989254656115635,english,comment,True,adjudicator,2-1,1,0
t1_p7aty8j,0,0.10521054267883301,-2.140625,0,0,0.07271950364676193,taglish,comment,True,majority,3-0,0,0
t1_p7augm9,0,0.8056321740150452,1.421875,1,1,0.84434299015252,taglish,comment,True,adjudicator,2-1,0,0
t1_p7aui8d,0,0.14080817997455597,-1.80859375,0,0,0.10425718501166209,taglish,comment,True,majority,3-0,0,0
t1_p7avfnw,0,0.20370754599571228,-1.36328125,0,0,0.1650361675608478,tagalog,comment,True,adjudicator,2-1,0,0
t1_p7aw2bk,0,0.07369627058506012,-2.53125,0,0,0.046968065023667654,english,comment,True,majority,3-0,0,0
t1_p7awfua,0,0.04958902671933174,-2.953125,0,0,0.02897616944174692,taglish,comment,True,unanimous,3-0,0,0
t1_p7awgct,0,0.2501792907714844,-1.09765625,0,0,0.2132675710823614,tagalog,comment,True,adjudicator,2-1,0,0
t1_p7awhfy,0,0.10087861120700836,-2.1875,0,0,0.0690489796069979,english,comment,True,majority,3-0,0,0
t1_p7ax3ms,1,0.14175598323345184,-1.80078125,0,0,0.10512801513518803,tagalog,comment,True,adjudicator,2-1,1,1
t1_p7ax9hc,0,0.22202469408512115,-1.25390625,0,0,0.1837485464084397,tagalog,comment,True,adjudicator,2-1,0,0
t1_p7axcm7,0,0.47119471430778503,-0.11534881591796875,0,0,0.4657602646533784,english,comment,True,majority,3-0,0,0
t1_p7axnlo,1,0.642432451248169,0.5859375,1,1,0.6674781412358636,english,comment,True,adjudicator,2-1,1,0
t1_p7ayjj8,0,0.405213326215744,-0.3837890625,0,0,0.3878390785789776,taglish,comment,True,adjudicator,2-1,0,0
t1_p7b1e3w,0,0.07864238321781158,-2.4609375,0,0,0.050855904984137765,taglish,comment,True,majority,3-0,0,0
t1_p7b1m6h,0,0.6727617979049683,0.720703125,1,1,0.702047143631139,english,comment,True,adjudicator,2-1,0,0
t1_p7b1teo,0,0.10894505679607391,-2.1015625,0,0,0.07591476764285741,taglish,comment,True,unanimous,3-0,0,0
t1_p7b2ed6,0,0.2724114954471588,-0.982421875,0,0,0.2371618468251526,tagalog,comment,True,majority,3-0,0,0
t1_p7b2zfe,0,0.12210386991500854,-1.97265625,0,0,0.08739246587760305,taglish,comment,True,unanimous,3-0,0,0
t1_p7b31me,0,0.37731119990348816,-0.5009765625,0,0,0.35531321623007067,english,comment,True,adjudicator,2-1,0,0
t1_p7b3pne,0,0.42907050251960754,-0.28564453125,0,0,0.4158846581054861,english,comment,True,unanimous,3-0,0,0
t1_p7b3qeg,0,0.18713268637657166,-1.46875,0,0,0.14847048846695027,taglish,comment,True,unanimous,3-0,0,0
t1_p7b3yf9,0,0.2062538117170334,-1.34765625,0,0,0.16761262680904015,tagalog,comment,True,majority,3-0,0,0
t1_p7b4t02,0,0.5739172697067261,0.2978515625,1,1,0.5876374401531849,tagalog,comment,True,unanimous,3-0,0,0
t1_p7b4tpz,0,0.046378206461668015,-3.0234375,0,0,0.02671391721377015,tagalog,comment,True,majority,3-0,0,0
t1_p7b51zi,1,0.09534946829080582,-2.25,0,0,0.06442159748646398,taglish,comment,True,adjudicator,2-1,1,1
t1_p7b5750,0,0.13660839200019836,-1.84375,0,0,0.10041692671245497,english,comment,True,majority,3-0,0,0
t1_p7b5cn0,0,0.18772760033607483,-1.46484375,0,0,0.1490587444649132,taglish,comment,True,adjudicator,2-1,0,1
t1_p7b5gkq,0,0.4562886655330658,-0.17529296875,0,0,0.44807299503866516,taglish,comment,True,majority,3-0,0,0
t1_p7b5i1i,0,0.3023911118507385,-0.8359375,0,0,0.2701024554527323,taglish,comment,True,majority,3-0,0,0
t1_p7b5tbp,0,0.24798741936683655,-1.109375,0,0,0.21093866637255032,tagalog,comment,True,unanimous,3-0,0,0
t1_p7b6cmb,0,0.15662017464637756,-1.68359375,0,0,0.11897824412101254,taglish,comment,True,unanimous,3-0,0,0
t1_p7b6haz,0,0.6315943002700806,0.5390625,1,1,0.654992348859263,english,comment,True,majority,3-0,0,0
t1_p7b6jol,0,0.34687307476997375,-0.6328125,0,0,0.32026698337807363,taglish,comment,True,majority,3-0,0,0
t1_p7b6ukd,0,0.7154240012168884,0.921875,1,1,0.7495662533289182,english,comment,True,unanimous,3-0,0,0
t1_p7b71gp,0,0.05749328061938286,-2.796875,0,0,0.03468779606360686,english,comment,True,majority,3-0,0,0
t1_p7b73di,0,0.520283043384552,0.0811767578125,1,1,0.5241152694907197,english,comment,True,adjudicator,2-1,0,0
t1_p7b762c,1,0.6562178134918213,0.646484375,1,1,0.6832620788688033,tagalog,comment,True,majority,3-0,1,1
t1_p7b78u4,0,0.07807817310094833,-2.46875,0,0,0.05040931448601174,english,comment,True,adjudicator,2-1,0,0
t1_p7b7nir,0,0.0838903859257698,-2.390625,0,0,0.05504697741080492,taglish,comment,True,adjudicator,2-1,0,0
t1_p7b7s1d,0,0.14080817997455597,-1.80859375,0,0,0.10425718501166209,tagalog,comment,True,majority,3-0,0,0
t1_p7b7xq0,0,0.4332619309425354,-0.2685546875,0,0,0.420829987167424,english,comment,True,unanimous,3-0,0,0
t1_p7b7yaf,0,0.42954903841018677,-0.28369140625,0,0,0.416449001846622,tagalog,comment,True,adjudicator,2-1,0,0
t1_p7b823m,0,0.1919327974319458,-1.4375,0,0,0.15323049600268016,taglish,comment,True,majority,3-0,0,0
t1_p7b82fh,0,0.16184942424297333,-1.64453125,0,0,0.12393443444781185,tagalog,comment,True,adjudicator,2-1,0,0
t1_p7b8aam,0,0.12678517401218414,-1.9296875,0,0,0.09155469702961579,taglish,comment,True,unanimous,3-0,0,0
t1_p7b8c1i,0,0.07369627058506012,-2.53125,0,0,0.046968065023667654,english,comment,True,majority,3-0,0,0
t1_p7b90uz,0,0.672331690788269,0.71875,1,1,0.7015610666779949,taglish,comment,True,adjudicator,2-1,0,0
t1_p7b941u,0,0.1535491645336151,-1.70703125,0,0,0.11608751546392251,tagalog,comment,True,unanimous,3-0,0,0
t1_p7b9jj2,1,0.21206879615783691,-1.3125,0,0,0.17352695748219568,taglish,comment,True,adjudicator,2-1,1,0
t1_p7b9oyf,0,0.13706977665424347,-1.83984375,0,0,0.10083733555110562,taglish,comment,True,unanimous,3-0,0,0
t1_p7ba30m,0,0.16995622217655182,-1.5859375,0,0,0.1317002869592887,taglish,comment,True,unanimous,3-0,0,0
t1_p7ba3dl,0,0.2030746191740036,-1.3671875,0,0,0.16439703888789,english,comment,True,unanimous,3-0,0,0
t1_p7ba407,0,0.14608725905418396,-1.765625,0,0,0.10912658456855195,english,comment,True,majority,3-0,0,0
t1_p7ba4b8,0,0.07159119844436646,-2.5625,0,0,0.04533231241751324,tagalog,comment,True,unanimous,3-0,0,0
t1_p7bak1l,0,0.11357959359884262,-2.0546875,0,0,0.07991893336456696,english,comment,True,majority,3-0,0,0
t1_p7bayru,0,0.05460060387849808,-2.8515625,0,0,0.032574822439776274,english,comment,True,majority,3-0,0,0
t1_p7bb4cl,0,0.5062558054924011,0.0250244140625,1,1,0.5074392537975431,tagalog,comment,True,adjudicator,2-1,0,1
t1_p7bbeka,1,0.3600388765335083,-0.5751953125,0,0,0.3353632544457425,taglish,comment,True,adjudicator,2-1,1,0
t1_p7bbozl,0,0.16238003969192505,-1.640625,0,0,0.124439682567861,tagalog,comment,True,adjudicator,2-1,0,0
t1_p7bchp8,0,0.0753123015165329,-2.5078125,0,0,0.048231547295565495,english,comment,True,majority,3-0,0,0
t1_p7bcn8s,0,0.2114168107509613,-1.31640625,0,0,0.17286175439538343,taglish,comment,True,unanimous,3-0,0,0
t1_p7bco0h,0,0.6909762620925903,0.8046875,1,1,0.7225087441600682,tagalog,comment,True,majority,3-0,0,0
t1_p7bdpkr,0,0.1772405207157135,-1.53515625,0,0,0.13876103420374594,tagalog,comment,True,unanimous,3-0,0,0
t1_p7bdubv,0,0.188323974609375,-1.4609375,0,0,0.1496489215900683,tagalog,comment,True,adjudicator,2-1,0,0
t1_p7bel7e,0,0.0792103260755539,-2.453125,0,0,0.05130623818728736,taglish,comment,True,majority,3-0,0,0
t1_p7beq6x,0,0.08151976019144058,-2.421875,0,0,0.05314555140233081,english,comment,True,majority,3-0,0,0
t1_p7bey85,0,0.801314651966095,1.39453125,1,1,0.8400212888872336,taglish,comment,True,unanimous,3-0,0,0
t1_p7bf5ws,0,0.15713684260845184,-1.6796875,0,0,0.11946604245344365,tagalog,comment,True,majority,3-0,0,0
t1_p7bg11b,0,0.08509904891252518,-2.375,0,0,0.0560215500647655,tagalog,comment,True,adjudicator,2-1,0,0
t1_p7bgb5l,0,0.3385142982006073,-0.669921875,0,0,0.31073703326575086,english,comment,True,adjudicator,2-1,0,1
t1_p7bgqoa,1,0.1233656257390976,-1.9609375,0,0,0.08851034336362729,english,comment,True,adjudicator,3-0,1,0
t1_p7bgyp5,0,0.4869719445705414,-0.0521240234375,0,1,0.48450839507688526,tagalog,comment,True,adjudicator,2-1,0,0
t1_p7bhl2m,0,0.3557749092578888,-0.59375,0,0,0.3304630006103016,tagalog,comment,True,adjudicator,2-1,0,1
t1_p7bhutj,0,0.06052939593791962,-2.7421875,0,0,0.03693259585415982,english,comment,True,majority,3-0,0,0
t1_p7bhymk,0,0.7725306153297424,1.22265625,1,1,0.8106119715283204,english,comment,True,adjudicator,2-1,0,1
t1_p7bils6,0,0.07263670861721039,-2.546875,0,0,0.04614329154291316,taglish,comment,True,unanimous,3-0,0,0
t1_p7biq9m,0,0.17895588278770447,-1.5234375,0,0,0.1404348774511225,english,comment,True,adjudicator,2-1,0,0
t1_p7bj4st,0,0.2609540820121765,-1.041015625,0,0,0.2247872361293304,taglish,comment,True,unanimous,3-0,0,0
t1_p7bj8kc,0,0.0838903859257698,-2.390625,0,0,0.05504697741080492,taglish,comment,True,adjudicator,2-1,0,0
t1_p7bjlmq,0,0.15869519114494324,-1.66796875,0,0,0.12093981871367271,taglish,comment,True,unanimous,3-0,0,0
t1_p7bjyob,0,0.18417982757091522,-1.48828125,0,0,0.14555791792331574,english,comment,True,adjudicator,2-1,0,0
t1_p7bk46f,0,0.5613350868225098,0.24658203125,1,1,0.572788444727823,tagalog,comment,True,unanimous,3-0,0,0
t1_p7bkjap,0,0.5281531810760498,0.11273193359375,1,1,0.5334652980823997,tagalog,comment,True,adjudicator,2-1,0,1
t1_p7bkmvn,0,0.06371499598026276,-2.6875,0,0,0.03931674968895177,english,comment,True,majority,3-0,0,0
t1_p7bksya,0,0.05541279539465904,-2.8359375,0,0,0.03316550324581615,taglish,comment,True,majority,3-0,0,0
t1_p7bktkn,0,0.06656918674707413,-2.640625,0,0,0.04147717744372475,english,comment,True,adjudicator,2-1,0,0
t1_p7bm2ox,0,0.07807817310094833,-2.46875,0,0,0.05040931448601174,tagalog,comment,True,majority,3-0,0,0
t1_p7bm5y3,0,0.1431877166032791,-1.7890625,0,0,0.10644629493066915,tagalog,comment,True,majority,3-0,0,0
t1_p7bmd1u,0,0.12721826136112213,-1.92578125,0,0,0.09194179506186882,english,comment,True,unanimous,3-0,0,0
t1_p7bmq1p,0,0.23022674024105072,-1.20703125,0,0,0.19225711949003618,tagalog,comment,True,majority,3-0,0,0
t1_p7bn7d4,0,0.14128142595291138,-1.8046875,0,0,0.1046918005042863,english,comment,True,adjudicator,2-1,0,0
t1_p7bngsw,0,0.7711548805236816,1.21484375,1,1,0.8091815467315095,english,comment,True,majority,3-0,0,0
t1_p7bpvlc,0,0.4907161593437195,-0.037139892578125,0,1,0.48896003847728314,tagalog,comment,True,unanimous,3-0,0,0
t1_p7bqhwn,0,0.30528295040130615,-0.822265625,0,0,0.27331976443845785,taglish,comment,True,adjudicator,2-1,0,0
t1_p7bqj89,0,0.12549343705177307,-1.94140625,0,0,0.09040218312581255,taglish,comment,True,adjudicator,2-1,0,0
t1_p7br2fp,0,0.055005285888910294,-2.84375,0,0,0.03286888108470324,english,comment,True,majority,3-0,0,0
t1_p7br7vh,0,0.04885777831077576,-2.96875,0,0,0.028457904924012165,taglish,comment,True,unanimous,3-0,0,0
t1_p7brkvq,0,0.07263670861721039,-2.546875,0,0,0.04614329154291316,taglish,comment,True,majority,3-0,0,0
t1_p7brpn7,1,0.5874698758125305,0.353515625,1,1,0.6035797511497895,english,comment,True,adjudicator,2-1,1,1
t1_p7bsvbl,0,0.113973468542099,-2.05078125,0,0,0.0802611813044844,english,comment,True,adjudicator,2-1,0,1
t1_p7bu88w,0,0.0960254892706871,-2.2421875,0,0,0.06498383154150235,taglish,comment,True,majority,3-0,0,0
t1_p7buldv,0,0.12463856488466263,-1.94921875,0,0,0.08964111558668134,taglish,comment,True,unanimous,3-0,0,0
t1_p7bvma7,0,0.1561048924922943,-1.6875,0,0,0.11849216951692895,tagalog,comment,True,majority,3-0,0,0
t1_p7bw6m1,0,0.15102779865264893,-1.7265625,0,0,0.11372536519277993,english,comment,True,majority,3-0,0,0
t1_p7bwy13,0,0.08632347732782364,-2.359375,0,0,0.05701233591734254,taglish,comment,True,majority,3-0,0,0
t1_p7bx5xc,0,0.12168575078248978,-1.9765625,0,0,0.08702268607948023,taglish,comment,True,majority,3-0,0,0
t1_p7byzr3,0,0.07316472381353378,-2.5390625,0,0,0.046553940983649456,english,comment,True,unanimous,3-0,0,0
t1_p7bz0bi,0,0.06954174488782883,-2.59375,0,0,0.043750912777153664,taglish,comment,True,majority,3-0,0,0
t1_p7bz4l9,0,0.04603390395641327,-3.03125,0,0,0.026473416130691544,taglish,comment,True,majority,3-0,0,0
t1_p7bzeup,0,0.1540575623512268,-1.703125,0,0,0.11656503016838424,tagalog,comment,True,majority,3-0,0,0
t1_p7bzinf,0,0.2954331338405609,-0.869140625,0,0,0.26238904542714525,taglish,comment,True,unanimous,3-0,0,0
t1_p7c1vly,0,0.14366762340068817,-1.78515625,0,0,0.10688894716486855,english,comment,True,majority,3-0,0,0
t1_p7c25tw,0,0.2643583416938782,-1.0234375,0,0,0.22845087315163984,english,comment,True,majority,3-0,0,0
t1_p7c2dj7,0,0.8543993234634399,1.76953125,1,1,0.8913242066687976,english,comment,True,adjudicator,2-1,0,1
t1_p7c3l69,0,0.18892180919647217,-1.45703125,0,0,0.15024102286984511,taglish,comment,True,majority,3-0,0,0
t1_p7c4a45,0,0.47116243839263916,-0.115478515625,0,0,0.46572188572704276,tagalog,comment,True,unanimous,3-0,0,0
t1_p7c4f2u,0,0.5112895965576172,0.045166015625,1,1,0.5134247094696105,tagalog,comment,True,adjudicator,2-1,0,0
t1_p7c4tmm,0,0.19132769107818604,-1.44140625,0,0,0.15262872931274815,taglish,comment,True,unanimous,3-0,0,0
t1_p7c5z5s,0,0.3324187695980072,-0.697265625,0,0,0.3038156818676852,tagalog,comment,True,adjudicator,2-1,0,0
t1_p7c62qa,0,0.8370879292488098,1.63671875,1,1,0.8750533033170279,tagalog,comment,True,adjudicator,2-1,0,1
t1_p7c6l3m,0,0.19314739108085632,-1.4296875,0,0,0.15443985780521036,english,comment,True,majority,3-0,0,0
t1_p7c6v15,0,0.038756195455789566,-3.2109375,0,0,0.021489444337887676,english,comment,True,majority,3-0,0,0
t1_p7c6wl0,0,0.19132769107818604,-1.44140625,0,0,0.15262872931274815,tagalog,comment,True,majority,3-0,0,0
t1_p7cb332,0,0.15002882480621338,-1.734375,0,0,0.11279229505484169,tagalog,comment,True,adjudicator,2-1,0,0
t1_p7cbcu5,0,0.18068422377109528,-1.51171875,0,0,0.14212557985116697,english,comment,True,majority,3-0,0,0
t1_p7cbzno,0,0.053403329104185104,-2.875,0,0,0.03170782266449737,taglish,comment,True,majority,3-0,0,0
t1_p7ccbnn,0,0.36116471886634827,-0.5703125,0,0,0.33665876671287476,taglish,comment,True,unanimous,3-0,0,0
t1_p7ccre7,1,0.15002882480621338,-1.734375,0,0,0.11279229505484169,taglish,comment,True,majority,3-0,1,1
t1_p7ccwv7,0,0.2901756167411804,-0.89453125,0,0,0.25658719636783656,tagalog,comment,True,adjudicator,2-1,0,1
t1_p7cczam,0,0.18713268637657166,-1.46875,0,0,0.14847048846695027,tagalog,comment,True,adjudicator,3-0,0,0
t1_p7cf1k7,0,0.11757213622331619,-2.015625,0,0,0.083402084780751,tagalog,comment,True,adjudicator,2-1,0,1
t1_p7cf3o9,0,0.22953519225120544,-1.2109375,0,0,0.19153675563666225,english,comment,True,majority,3-0,0,0
t1_p7cfcze,0,0.07263670861721039,-2.546875,0,0,0.04614329154291316,taglish,comment,True,majority,3-0,0,0
t1_p7cfvti,1,0.541166365146637,0.1650390625,1,1,0.5489095072279041,english,comment,True,majority,3-0,1,1
t1_p7cfyef,0,0.27125170826911926,-0.98828125,0,0,0.23590353116001003,tagalog,comment,True,majority,3-0,0,0
t1_p7ch7u7,0,0.15203222632408142,-1.71875,0,0,0.11466515652192286,english,comment,True,unanimous,3-0,0,0
t1_p7ciont,0,0.07004895806312561,-2.5859375,0,0,0.044141256654822006,tagalog,comment,True,majority,3-0,0,0
t1_p7cj6bh,0,0.039048291742801666,-3.203125,0,0,0.021685676475538766,tagalog,comment,True,adjudicator,2-1,0,0
t1_p7cjao1,0,0.053799647837877274,-2.8671875,0,0,0.03199431358709801,taglish,comment,True,majority,3-0,0,0
t1_p7cjg8g,0,0.05033063143491745,-2.9375,0,0,0.02950358577090915,english,comment,True,adjudicator,3-0,0,0
t1_p7cjlht,0,0.11476478725671768,-2.04296875,0,0,0.0809496930744057,english,comment,True,majority,3-0,0,0
t1_p7cjmsj,0,0.685949444770813,0.78125,1,1,0.7168861765428393,taglish,comment,True,majority,3-0,0,0
t1_p7ck1ue,0,0.05033063143491745,-2.9375,0,0,0.02950358577090915,english,comment,True,majority,3-0,0,0
t1_p7ckl7z,0,0.33895182609558105,-0.66796875,0,0,0.3112347202219053,tagalog,comment,True,adjudicator,2-1,0,0
t1_p7ckqoa,0,0.24006125330924988,-1.15234375,0,0,0.2025592038765171,tagalog,comment,True,majority,3-0,0,0
t1_p7cliw4,0,0.2598256468772888,-1.046875,0,0,0.22357533397241577,english,comment,True,majority,3-0,0,0
t1_p7cm5o9,0,0.10818895697593689,-2.109375,0,0,0.07526557298266562,taglish,comment,True,adjudicator,2-1,0,0
t1_p7cm5yl,0,0.50103759765625,0.004150390625,1,1,0.5012339160103838,english,comment,True,adjudicator,2-1,0,0
t1_p7cmr7j,0,0.5784481763839722,0.31640625,1,1,0.592973776991433,taglish,comment,True,unanimous,3-0,0,0
t1_p7cn5o7,1,0.28736767172813416,-0.908203125,0,0,0.25349814090073275,english,comment,True,majority,3-0,1,1
t1_p7cnibr,0,0.11879339814186096,-2.00390625,0,0,0.08447364412812908,taglish,comment,True,unanimous,3-0,0,0
t1_p7cnndy,0,0.13706977665424347,-1.83984375,0,0,0.10083733555110562,taglish,comment,True,majority,3-0,0,0
t1_p7coaxk,0,0.06142404302954674,-2.7265625,0,0,0.03759922525176843,taglish,comment,True,majority,3-0,0,0
t1_p7comku,0,0.7217432260513306,0.953125,1,1,0.7564774229323492,tagalog,comment,True,adjudicator,2-1,0,0
t1_p7cooem,0,0.10970578342676163,-2.09375,0,0,0.07656909820820315,tagalog,comment,True,adjudicator,2-1,0,1
t1_p7cplnf,0,0.22000709176063538,-1.265625,0,0,0.181667557260213,taglish,comment,True,adjudicator,2-1,0,1
t1_p7cq0d3,0,0.7134315967559814,0.912109375,1,1,0.7473799215515096,tagalog,comment,True,adjudicator,2-1,0,0
t1_p7cqdro,0,0.13477592170238495,-1.859375,0,0,0.09875082816556968,tagalog,comment,True,majority,3-0,0,0
t1_p7ct6hb,0,0.03963883966207504,-3.1875,0,0,0.022083411147547253,taglish,comment,True,majority,3-0,0,0
t1_p7cuyvj,0,0.15713684260845184,-1.6796875,0,0,0.11946604245344365,taglish,comment,True,unanimous,3-0,0,0
t1_p7cv2ix,0,0.06903792917728424,-2.6015625,0,0,0.04336386413735613,taglish,comment,True,majority,3-0,0,0
t1_p7cvapq,0,0.08945459872484207,-2.3203125,0,0,0.05956176492611232,english,comment,True,majority,3-0,0,0
t1_p7cwwlg,1,0.35309353470802307,-0.60546875,0,0,0.3273868732326617,tagalog,comment,True,adjudicator,2-1,1,0
t1_p7cz8v9,0,0.05541279539465904,-2.8359375,0,0,0.03316550324581615,taglish,comment,True,majority,3-0,0,0
t1_p7czzsb,1,0.7138307690620422,0.9140625,1,1,0.747818197026067,taglish,comment,True,majority,3-0,1,1
t1_p7d0uz0,0,0.6361271142959595,0.55859375,1,1,0.660221996180036,taglish,comment,True,unanimous,3-0,0,0
t1_p7d121o,0,0.7446563243865967,1.0703125,1,1,0.7812256570142225,taglish,comment,True,adjudicator,2-1,0,0
t1_p7d23oe,0,0.2995148301124573,-0.849609375,0,0,0.26690910790364114,taglish,comment,True,adjudicator,2-1,0,0
t1_p7d311o,0,0.046378206461668015,-3.0234375,0,0,0.02671391721377015,taglish,comment,True,unanimous,3-0,0,0
t1_p7d3orv,0,0.23022674024105072,-1.20703125,0,0,0.19225711949003618,taglish,comment,True,unanimous,3-0,0,0
t1_p7d43dc,1,0.2829881012439728,-0.9296875,0,0,0.24869377778598126,taglish,comment,True,unanimous,3-0,1,1
t1_p7d4g3w,0,0.05964693799614906,-2.7578125,0,0,0.03627734018714017,taglish,comment,True,majority,3-0,0,0
t1_p7d5lsh,0,0.17272931337356567,-1.56640625,0,0,0.1343791797235723,tagalog,comment,True,majority,3-0,0,0
t1_p7d5q6s,0,0.3842187523841858,-0.4716796875,0,0,0.3633334965173498,tagalog,comment,True,adjudicator,2-1,0,0
t1_p7d8a3e,0,0.07423137128353119,-2.5234375,0,0,0.04738568984868634,taglish,comment,True,majority,3-0,0,0
t1_p7d8mki,0,0.20946967601776123,-1.328125,0,0,0.170878249123796,taglish,comment,True,adjudicator,2-1,0,0
t1_p7dcf6a,0,0.11879339814186096,-2.00390625,0,0,0.08447364412812908,taglish,comment,True,adjudicator,2-1,0,1
t1_p7deb7z,0,0.7549149990081787,1.125,1,1,0.7921374703513098,tagalog,comment,True,adjudicator,2-1,0,0
t1_p7dfjf7,0,0.2708657681941986,-0.990234375,0,0,0.23548511961551247,tagalog,comment,True,adjudicator,2-1,0,1
t1_p7dfkfu,0,0.29624688625335693,-0.865234375,0,0,0.2632891012404047,tagalog,comment,True,adjudicator,2-1,0,0
t1_p7dh66k,0,0.15817435085773468,-1.671875,0,0,0.12044682587034415,english,comment,True,adjudicator,2-1,0,0
t1_p7ditbc,0,0.46077409386634827,-0.1572265625,0,0,0.45339196755240113,tagalog,comment,True,unanimous,3-0,0,0
t1_p7djczh,0,0.10894505679607391,-2.1015625,0,0,0.07591476764285741,tagalog,comment,True,majority,3-0,0,0
t1_p7dm83y,0,0.055005285888910294,-2.84375,0,0,0.03286888108470324,taglish,comment,True,unanimous,3-0,0,0
t1_p7dnrk5,0,0.03817827254533768,-3.2265625,0,0,0.021102176500596717,taglish,comment,True,unanimous,3-0,0,0
t1_p7dnwvs,0,0.5682960748672485,0.27490234375,1,1,0.5810087604162424,english,comment,True,adjudicator,2-1,0,0
t1_p7dpbba,0,0.1980641782283783,-1.3984375,0,0,0.1593554302295759,taglish,comment,True,adjudicator,2-1,0,1
t1_p7dpy6e,0,0.2755194306373596,-0.966796875,0,0,0.24053991524105234,english,comment,True,unanimous,3-0,0,0
t1_p7dqfr1,0,0.3178495764732361,-0.763671875,0,0,0.28737568092740046,tagalog,comment,True,adjudicator,2-1,0,1
t1_p7dr1ta,0,0.37227699160575867,-0.5224609375,0,0,0.3494826015998017,taglish,comment,True,majority,3-0,0,0
t1_p7dr495,0,0.07159119844436646,-2.5625,0,0,0.04533231241751324,english,comment,True,majority,3-0,0,0
t1_p7dseow,0,0.1716158092021942,-1.57421875,0,0,0.13330214090825515,taglish,comment,True,majority,3-0,0,0
t1_p7du9bc,0,0.35042139887809753,-0.6171875,0,0,0.3243255095970631,tagalog,comment,True,majority,3-0,0,0
t1_p7dwlze,0,0.13028542697429657,-1.8984375,0,0,0.09469288431093284,taglish,comment,True,unanimous,3-0,0,0
t1_p7dwnon,0,0.21272224187850952,-1.30859375,0,0,0.17419418129520192,english,comment,True,adjudicator,3-0,0,0
t1_p7dwpjn,0,0.34997692704200745,-0.619140625,0,0,0.3238167310345272,taglish,comment,True,adjudicator,2-1,0,1
t1_p7dx9j9,0,0.7505527138710022,1.1015625,1,1,0.7875108069063922,english,comment,True,majority,3-0,0,0
t1_p7dxekk,0,0.12721826136112213,-1.92578125,0,0,0.09194179506186882,taglish,comment,True,majority,3-0,0,0
t1_p7dxy67,0,0.10158944875001907,-2.1796875,0,0,0.06964859230454833,english,comment,True,majority,3-0,0,0
t1_p7dy7cs,1,0.33545970916748047,-0.68359375,0,0,0.30726551339600494,english,comment,True,adjudicator,2-1,1,1
t1_p7dybdv,0,0.26057758927345276,-1.04296875,0,0,0.22438275116698655,tagalog,comment,True,adjudicator,2-1,0,0
t1_p7dycpl,0,0.272024542093277,-0.984375,0,0,0.23674189495217726,english,comment,True,majority,3-0,0,0
t1_p7dyjvh,0,0.15052762627601624,-1.73046875,0,0,0.11325799197256432,taglish,comment,True,unanimous,3-0,0,0
t1_p7dyofs,0,0.21535076200962067,-1.29296875,0,0,0.17688332312870622,english,comment,True,majority,3-0,0,0
t1_p7dz5rm,0,0.13799647986888885,-1.83203125,0,0,0.1016828433012154,taglish,comment,True,adjudicator,2-1,0,0
t1_p7e01e8,0,0.08093671500682831,-2.4296875,0,0,0.05267997036584241,taglish,comment,True,majority,3-0,0,0
t1_p7e0gsf,0,0.08509904891252518,-2.375,0,0,0.0560215500647655,taglish,comment,True,unanimous,3-0,0,0
t1_p7e13mw,0,0.15869519114494324,-1.66796875,0,0,0.12093981871367271,english,comment,True,majority,3-0,0,0
t1_p7e1vz2,0,0.17838265001773834,-1.52734375,0,0,0.1398750609172413,tagalog,comment,True,majority,3-0,0,0
t1_p7e2lqi,0,0.16667540371418,-1.609375,0,0,0.128545559011782,tagalog,comment,True,majority,3-0,0,0
t1_p7e3dl1,0,0.8134608268737793,1.47265625,1,1,0.8521158494528938,english,comment,True,adjudicator,2-1,0,0
t1_p7e3jrl,0,0.16885694861412048,-1.59375,0,0,0.13064147879328844,taglish,comment,True,unanimous,3-0,0,0
t1_p7e3klb,0,0.06608537584543228,-2.6484375,0,0,0.04110937897992363,taglish,comment,True,majority,3-0,0,0
t1_p7e4oey,1,0.8289388418197632,1.578125,1,1,0.8672336340838865,taglish,comment,True,majority,3-0,1,1
t1_p7e4ypy,0,0.19072403013706207,-1.4453125,0,0,0.15202890158149193,tagalog,comment,True,unanimous,3-0,0,0
t1_p7e50re,0,0.2658804655075073,-1.015625,0,0,0.23009258850426492,tagalog,comment,True,unanimous,3-0,0,0
t1_p7e5rof,0,0.07211221009492874,-2.5546875,0,0,0.045736090655904414,tagalog,comment,True,majority,3-0,0,0
t1_p7e77zy,0,0.13846179842948914,-1.828125,0,0,0.10210795049534478,taglish,comment,True,majority,3-0,0,0
t1_p7e7clf,0,0.08035747706890106,-2.4375,0,0,0.05221824310913802,english,comment,True,unanimous,3-0,0,0
t1_p7e7snu,0,0.10447732359170914,-2.1484375,0,0,0.07209550186249786,english,comment,True,majority,3-0,0,0
t1_p7e88qt,0,0.18184363842010498,-1.50390625,0,0,0.1432621251584481,taglish,comment,True,unanimous,3-0,0,0
t1_p7e8ohv,0,0.08945459872484207,-2.3203125,0,0,0.05956176492611232,tagalog,comment,True,adjudicator,2-1,0,0
t1_p7ea6q0,0,0.39140596985816956,-0.44140625,0,0,0.3717016882555643,taglish,comment,True,unanimous,3-0,0,0
t1_p7ea9p3,0,0.17217184603214264,-1.5703125,0,0,0.1338397443289039,tagalog,comment,True,majority,3-0,0,0
t1_p7eatjp,0,0.731442391872406,1.001953125,1,1,0.7670145534333822,tagalog,comment,True,adjudicator,2-1,0,0
t1_p7ecnwc,0,0.1949802190065384,-1.41796875,0,0,0.15626851424771637,taglish,comment,True,unanimous,3-0,0,0
t1_p7eipfc,0,0.16132023930549622,-1.6484375,0,0,0.12343094853505886,taglish,comment,True,unanimous,3-0,0,0
t1_p7eoik5,0,0.6041653752326965,0.4228515625,1,1,0.6231307567340989,english,comment,True,adjudicator,2-1,0,0
t1_p7epidn,0,0.24077458679676056,-1.1484375,0,0,0.20331059778241506,taglish,comment,True,adjudicator,2-1,0,1
t1_p7er1we,0,0.06233103200793266,-2.7109375,0,0,0.03827740899962687,english,comment,True,majority,3-0,0,0
t1_p7er2rg,0,0.07807817310094833,-2.46875,0,0,0.05040931448601174,tagalog,comment,True,unanimous,3-0,0,0
t1_p7erayc,0,0.13799647986888885,-1.83203125,0,0,0.1016828433012154,tagalog,comment,True,adjudicator,2-1,0,0
t1_p7ez7pb,0,0.09739040583372116,-2.2265625,0,0,0.06612201983311876,tagalog,comment,True,adjudicator,2-1,0,0
t1_p7f8qy6,1,0.23581157624721527,-1.17578125,0,0,0.1980943654117439,tagalog,comment,True,adjudicator,2-1,1,0
t1_p7fchya,0,0.5346125364303589,0.138671875,1,1,0.5411342163260509,tagalog,comment,True,unanimous,3-0,0,0
t1_p7fjp05,0,0.26971012353897095,-0.99609375,0,0,0.23423296856885312,english,comment,True,majority,3-0,0,0
t1_p7fl1tm,0,0.08694165199995041,-2.3515625,0,0,0.05751388141327214,tagalog,comment,True,majority,3-0,0,0
t1_p7fmy61,0,0.5313917994499207,0.125732421875,1,1,0.5373109857169872,tagalog,comment,True,adjudicator,2-1,0,1
t1_p7fn2tx,0,0.07316472381353378,-2.5390625,0,0,0.046553940983649456,taglish,comment,True,adjudicator,2-1,0,0
t1_p7fo1ph,0,0.2587003707885742,-1.052734375,0,0,0.22236809138381658,taglish,comment,True,adjudicator,2-1,0,1
t1_p7fvb3b,0,0.8037906289100647,1.41015625,1,1,0.8425026063271922,tagalog,comment,True,adjudicator,2-1,0,1
t1_p7fy09p,0,0.09268777817487717,-2.28125,0,0,0.06221767527483517,taglish,comment,True,adjudicator,2-1,0,0
t1_p7g1jl7,1,0.7476159334182739,1.0859375,1,1,0.784384837657379,taglish,comment,True,adjudicator,2-1,1,0
t1_p7g7ji3,0,0.5432267785072327,0.17333984375,1,1,0.5513525312760437,english,comment,True,majority,3-0,0,0
t1_p7gg2g5,0,0.03514484316110611,-3.3125,0,0,0.01909126413049286,taglish,comment,True,majority,3-0,0,0
t1_p7goh43,0,0.13072869181632996,-1.89453125,0,0,0.09509186188570753,taglish,comment,True,unanimous,3-0,0,0
t1_p7gqfj1,0,0.2857704162597656,-0.916015625,0,0,0.25174403175156457,english,comment,True,unanimous,3-0,0,0
t1_p7gtjj1,0,0.7181993126869202,0.935546875,1,1,0.7526058803019641,tagalog,comment,True,adjudicator,2-1,0,1
t1_p7gyxym,0,0.11757213622331619,-2.015625,0,0,0.083402084780751,tagalog,comment,True,adjudicator,2-1,0,1
t1_p7h0ly2,0,0.13892841339111328,-1.82421875,0,0,0.10253463208530565,tagalog,comment,True,adjudicator,2-1,0,1
t1_p7h5m1u,0,0.11240508407354355,-2.06640625,0,0,0.07890017188740639,taglish,comment,True,majority,3-0,0,0
t1_p7h85v7,0,0.06142404302954674,-2.7265625,0,0,0.03759922525176843,english,comment,True,majority,3-0,0,0
t1_p7haar9,0,0.13477592170238495,-1.859375,0,0,0.09875082816556968,english,comment,True,adjudicator,2-1,0,0
t1_p7hbz5y,1,0.46443086862564087,-0.14251708984375,0,0,0.45773054718690565,tagalog,comment,True,adjudicator,2-1,1,0
t1_p7hc4va,0,0.07107366621494293,-2.5703125,0,0,0.04493193106333012,taglish,comment,True,majority,3-0,0,0
t1_p7hc5tm,0,0.2538610100746155,-1.078125,0,0,0.21719060233346643,tagalog,comment,True,adjudicator,2-1,0,1
t1_p7hgig1,0,0.11357959359884262,-2.0546875,0,0,0.07991893336456696,taglish,comment,True,majority,3-0,0,0
t1_p7hgk6d,0,0.21403354406356812,-1.30078125,0,0,0.1755346990274112,tagalog,comment,True,majority,3-0,0,0
t1_p7hh5q0,0,0.12592275440692902,-1.9375,0,0,0.09078489523819935,taglish,comment,True,unanimous,3-0,0,0
t1_p7hn2ei,0,0.1661335527896881,-1.61328125,0,0,0.12802607788327547,english,comment,True,majority,3-0,0,0
t1_p7hocjp,0,0.6118459105491638,0.455078125,1,1,0.6320873717142805,taglish,comment,True,majority,3-0,0,0
t1_p7hqyna,0,0.13477592170238495,-1.859375,0,0,0.09875082816556968,english,comment,True,majority,3-0,0,0
t1_p7htjrq,0,0.10158944875001907,-2.1796875,0,0,0.06964859230454833,taglish,comment,True,majority,3-0,0,0
t1_p7hto58,0,0.23231014609336853,-1.1953125,0,0,0.19443059058255044,taglish,comment,True,unanimous,3-0,0,0
t1_p7hty2g,0,0.07211221009492874,-2.5546875,0,0,0.045736090655904414,taglish,comment,True,majority,3-0,0,0
t1_p7hu2dg,1,0.23091977834701538,-1.203125,0,0,0.19297954590997313,english,comment,True,adjudicator,2-1,1,1
t1_p7hwhl9,0,0.7918210625648499,1.3359375,1,1,0.8304340219760026,tagalog,comment,True,adjudicator,2-1,0,1
t1_p7hyhoq,0,0.1749734729528427,-1.55078125,0,0,0.13655531140694618,taglish,comment,True,unanimous,3-0,0,0
t1_p7i0oww,0,0.24148938059806824,-1.14453125,0,0,0.20406406572014105,taglish,comment,True,majority,3-0,0,0
t1_p7i23nn,0,0.22202469408512115,-1.25390625,0,0,0.1837485464084397,english,comment,True,adjudicator,2-1,0,1
t1_p7i2wbm,0,0.547947883605957,0.1923828125,1,1,0.5569475745360949,english,comment,True,majority,3-0,0,0
t1_p7i30af,0,0.11596072465181351,-2.03125,0,0,0.08199256236143651,english,comment,True,majority,3-0,0,0
t1_p7i40j4,0,0.5137561559677124,0.0550384521484375,1,1,0.5163571906506899,tagalog,comment,True,majority,3-0,0,0
t1_p7i4ckh,0,0.06853749603033066,-2.609375,0,0,0.042980085677544806,english,comment,True,majority,3-0,0,0
t1_p7i4d5o,0,0.3065270483493805,-0.81640625,0,0,0.27470590711137166,english,comment,True,majority,3-0,0,0
t1_p7i4e8q,0,0.10669060051441193,-2.125,0,0,0.07398246128035708,english,comment,True,majority,3-0,0,0
t1_p7i4q0m,0,0.1980641782283783,-1.3984375,0,0,0.1593554302295759,english,comment,True,majority,3-0,0,0
t1_p7i4tmq,0,0.21933749318122864,-1.26953125,0,0,0.1809779812323171,taglish,comment,True,adjudicator,2-1,0,1
t1_p7i4usd,0,0.3363310694694519,-0.6796875,0,0,0.3082551742343961,tagalog,comment,True,majority,3-0,0,0
t1_p7i590u,0,0.36251771450042725,-0.564453125,0,0,0.33821662710269995,taglish,comment,True,unanimous,3-0,0,0
t1_p7i5dy2,0,0.09009299427270889,-2.3125,0,0,0.06008430908186692,english,comment,True,majority,3-0,0,0
t1_p7i5fbw,0,0.05921025201678276,-2.765625,0,0,0.035953921674560914,taglish,comment,True,majority,3-0,0,0
t1_p7i5k42,0,0.10087861120700836,-2.1875,0,0,0.0690489796069979,taglish,comment,True,unanimous,3-0,0,0
t1_p7i5tlx,0,0.24077458679676056,-1.1484375,0,0,0.20331059778241506,english,comment,True,majority,3-0,0,0
t1_p7i5trb,0,0.7189891934394836,0.939453125,1,1,0.7534697821710404,tagalog,comment,True,adjudicator,2-1,0,0
t1_p7i62l1,0,0.03993731364607811,-3.1796875,0,0,0.02228494360389489,taglish,comment,True,majority,3-0,0,0
t1_p7i68rn,0,0.0792103260755539,-2.453125,0,0,0.05130623818728736,taglish,comment,True,majority,3-0,0,0
t1_p7i68z2,0,0.04885777831077576,-2.96875,0,0,0.028457904924012165,taglish,comment,True,majority,3-0,0,0
t1_p7i6szx,0,0.06853749603033066,-2.609375,0,0,0.042980085677544806,taglish,comment,True,adjudicator,3-0,0,0
t1_p7i6tor,0,0.08210662752389908,-2.4140625,0,0,0.05361501432250988,english,comment,True,majority,3-0,0,0
t1_p7i6zpu,0,0.16184942424297333,-1.64453125,0,0,0.12393443444781185,tagalog,comment,True,majority,3-0,0,0
t1_p7i7877,0,0.04177388176321983,-3.1328125,0,0,0.023532410572131825,taglish,comment,True,majority,3-0,0,0
t1_p7i7mqf,0,0.10781263560056686,-2.11328125,0,0,0.0749428914446669,taglish,comment,True,majority,3-0,0,0
t1_p7i7nbd,0,0.09009299427270889,-2.3125,0,0,0.06008430908186692,english,comment,True,majority,3-0,0,0
t1_p7i7oz5,1,0.41063815355300903,-0.361328125,0,0,0.394199409378038,tagalog,comment,True,adjudicator,2-1,1,0
t1_p7i8gqv,0,0.06418264657258987,-2.6796875,0,0,0.03966917331429503,english,comment,True,majority,3-0,0,0
t1_p7i91xi,0,0.21011726558208466,-1.32421875,0,0,0.171537402284092,taglish,comment,True,majority,3-0,0,0
t1_p7i938l,0,0.2693256139755249,-0.998046875,0,0,0.23381661333586173,english,comment,True,majority,3-0,0,0
t1_p7iajx6,0,0.1550784707069397,-1.6953125,0,0,0.11752517586925505,taglish,comment,True,majority,3-0,0,0
t1_p7ib0q0,1,0.8638516664505005,1.84765625,1,1,0.9000019242954149,taglish,comment,True,unanimous,3-0,1,1
t1_p7ib4se,1,0.3900110721588135,-0.447265625,0,0,0.3700758423390152,taglish,comment,True,majority,3-0,1,1
t1_p7icrdx,0,0.3246634900569916,-0.732421875,0,0,0.2950459939964402,english,comment,True,unanimous,3-0,0,0
t1_p7idnnt,0,0.12852515280246735,-1.9140625,0,0,0.09311192782541965,tagalog,comment,True,majority,3-0,0,0
t1_p7if1i8,0,0.19253934919834137,-1.43359375,0,0,0.15383420454378288,english,comment,True,majority,3-0,0,0
t1_p7ifa0o,1,0.1716158092021942,-1.57421875,0,0,0.13330214090825515,english,comment,True,adjudicator,2-1,1,1
t1_p7ifa7e,1,0.7577943801879883,1.140625,1,1,0.7951803918744569,english,comment,True,adjudicator,2-1,1,1
t1_p7ih1tt,0,0.13028542697429657,-1.8984375,0,0,0.09469288431093284,english,comment,True,adjudicator,3-0,0,0
t1_p7ij78v,0,0.8629302382469177,1.83984375,1,1,0.8991626644488945,tagalog,comment,True,adjudicator,2-1,0,0
t1_p7ijion,0,0.15304215252399445,-1.7109375,0,0,0.1156117009277118,english,comment,True,majority,3-0,0,0
t1_p7iq8ai,0,0.06278920918703079,-2.703125,0,0,0.03862089081550496,taglish,comment,True,majority,3-0,0,0
t1_p7iqa3d,0,0.14128142595291138,-1.8046875,0,0,0.1046918005042863,tagalog,comment,True,adjudicator,2-1,0,0
t1_p7iqat2,0,0.3453260362148285,-0.6396484375,0,0,0.3184998487431081,tagalog,comment,True,adjudicator,3-0,0,0
t1_p7iqysa,0,0.1535491645336151,-1.70703125,0,0,0.11608751546392251,taglish,comment,True,adjudicator,2-1,0,0
t1_p7isgm3,0,0.4380638897418976,-0.2490234375,0,0,0.4265012537988176,tagalog,comment,True,unanimous,3-0,0,0
t1_p7itlm8,0,0.035678550601005554,-3.296875,0,0,0.019442360612470913,taglish,comment,True,majority,3-0,0,0
t1_p7iu5xa,0,0.06954174488782883,-2.59375,0,0,0.043750912777153664,taglish,comment,True,unanimous,3-0,0,0
t1_p7iupq2,0,0.048136770725250244,-2.984375,0,0,0.027948643223033916,taglish,comment,True,unanimous,3-0,0,0
t1_p7iv0ce,0,0.36184096336364746,-0.5673828125,0,0,0.33743725574596783,english,comment,True,adjudicator,2-1,0,1
t1_p7iv0ud,1,0.36840569972991943,-0.5390625,0,0,0.345007651140737,english,comment,True,adjudicator,2-1,1,1
t1_p7iv34z,0,0.328529417514801,-0.71484375,0,0,0.2994124525634318,english,comment,True,adjudicator,2-1,0,0
t1_p7iv5yr,0,0.4468567669391632,-0.21337890625,0,0,0.4369002909903727,english,comment,True,majority,3-0,0,0
t1_p7iv83y,0,0.23370636999607086,-1.1875,0,0,0.19588989753197228,tagalog,comment,True,adjudicator,2-1,0,0
t1_p7ivahf,0,0.6522414088249207,0.62890625,1,1,0.6787209012065952,english,comment,True,majority,3-0,0,0
t1_p7ivqh5,0,0.7534666657447815,1.1171875,1,1,0.7906035545976674,tagalog,comment,True,adjudicator,2-1,0,0
t1_p7ivssl,0,0.4779500961303711,-0.0882568359375,0,0,0.47378514583078735,tagalog,comment,True,unanimous,3-0,0,0
t1_p7ivvut,0,0.0844927504658699,-2.3828125,0,0,0.05553225154825975,taglish,comment,True,majority,3-0,0,0
t1_p7ivwtp,0,0.4409506320953369,-0.2373046875,0,0,0.4299134155038882,english,comment,True,majority,3-0,0,0
t1_p7ivyqk,0,0.2260994017124176,-1.23046875,0,0,0.18796583568980396,english,comment,True,unanimous,3-0,0,0
t1_p7iw054,0,0.42763569951057434,-0.29150390625,0,0,0.41419295527204153,tagalog,comment,True,unanimous,3-0,0,0
t1_p7iw3ai,0,0.32209938764572144,-0.744140625,0,0,0.29215568947518056,tagalog,comment,True,unanimous,3-0,0,0
t1_p7iw8dy,0,0.17328819632530212,-1.5625,0,0,0.13492045062231073,taglish,comment,True,adjudicator,2-1,0,0
t1_p7iwa9e,0,0.7446563243865967,1.0703125,1,1,0.7812256570142225,english,comment,True,majority,3-0,0,0
t1_p7iweo9,0,0.20561502873897552,-1.3515625,0,0,0.1669655156135423,tagalog,comment,True,unanimous,3-0,0,0
t1_p7iwoea,0,0.8514594435691833,1.74609375,1,1,0.8885947779657254,tagalog,comment,True,adjudicator,2-1,0,0
t1_p7iwruh,1,0.6451199054718018,0.59765625,1,1,0.6705640037317491,english,comment,True,majority,3-0,1,1
t1_p7ixu0v,0,0.5123876333236694,0.049560546875,1,1,0.5147301750215951,english,comment,True,adjudicator,2-1,0,0
t1_p7ixzm5,1,0.5990160703659058,0.4013671875,1,1,0.6171121659634807,tagalog,comment,True,adjudicator,2-1,1,0
t1_p7iy5l3,0,0.4475809931755066,-0.21044921875,0,0,0.43775760807837394,tagalog,comment,True,adjudicator,2-1,0,0
t1_p7iz3ji,0,0.8638516664505005,1.84765625,1,1,0.9000019242954149,tagalog,comment,True,adjudicator,2-1,0,0
t1_p7izgv7,0,0.14033624529838562,-1.8125,0,0,0.1038241645434529,taglish,comment,True,unanimous,3-0,0,0
t1_p7j0fuj,0,0.8158201575279236,1.48828125,1,1,0.8544420820766844,taglish,comment,True,majority,3-0,0,0
t1_p7j17ud,1,0.5440747737884521,0.1767578125,1,1,0.5523577693792681,tagalog,comment,True,adjudicator,2-1,1,0
t1_p7j3qse,0,0.2632204294204712,-1.029296875,0,0,0.22722500865214892,english,comment,True,adjudicator,2-1,0,1
t1_p7j4az2,0,0.8558511734008789,1.78125,1,1,0.8926667809610309,tagalog,comment,True,adjudicator,2-1,0,1
t1_p7j4l6c,0,0.24508504569530487,-1.125,0,0,0.20786252964869026,tagalog,comment,True,adjudicator,2-1,0,1
t1_p7j5by4,1,0.2825919985771179,-0.931640625,0,0,0.24826005141986499,tagalog,comment,True,adjudicator,2-1,1,0
t1_p7j6bsx,1,0.6240644454956055,0.5068359375,1,1,0.6462813021883751,taglish,comment,True,majority,3-0,1,1
t1_p7j8j3b,0,0.05707139894366264,-2.8046875,0,0,0.03437804308929698,taglish,comment,True,unanimous,3-0,0,0
t1_p7j8vok,0,0.18184363842010498,-1.50390625,0,0,0.1432621251584481,english,comment,True,adjudicator,3-0,0,0
t1_p7j8zyo,0,0.03676946833729744,-3.265625,0,0,0.020163642187874958,taglish,comment,True,majority,3-0,0,0
t1_p7j9pzd,0,0.07263670861721039,-2.546875,0,0,0.04614329154291316,taglish,comment,True,majority,3-0,0,0
t1_p7jaz31,0,0.35398629307746887,-0.6015625,0,0,0.3284106180830887,taglish,comment,True,unanimous,3-0,0,0
t1_p7jbjjc,0,0.3065270483493805,-0.81640625,0,0,0.27470590711137166,english,comment,True,majority,3-0,0,0
t1_p7jbrxc,0,0.24077458679676056,-1.1484375,0,0,0.20331059778241506,english,comment,True,adjudicator,3-0,0,0
t1_p7jc35b,0,0.06656918674707413,-2.640625,0,0,0.04147717744372475,english,comment,True,majority,3-0,0,0
t1_p7jcey0,0,0.6171665787696838,0.4775390625,1,1,0.6382768194436635,tagalog,comment,True,adjudicator,2-1,0,0
t1_p7jczbh,1,0.07585818320512772,-2.5,0,0,0.04865983298681335,english,comment,True,adjudicator,2-1,1,0
t1_p7jdf4l,0,0.06278920918703079,-2.703125,0,0,0.03862089081550496,taglish,comment,True,majority,3-0,0,0
t1_p7jdi0d,0,0.10669060051441193,-2.125,0,0,0.07398246128035708,english,comment,True,majority,3-0,0,0
t1_p7jdld3,0,0.29057809710502625,-0.892578125,0,0,0.2570304966074599,english,comment,True,majority,3-0,0,0
t1_p7je7gw,0,0.12808823585510254,-1.91796875,0,0,0.09272040628315757,english,comment,True,majority,3-0,0,0
t1_p7je99f,0,0.09203286468982697,-2.2890625,0,0,0.06167779505094783,taglish,comment,True,majority,3-0,0,0
t1_p7jek9p,0,0.6088266372680664,0.4423828125,1,1,0.6285694889717869,taglish,comment,True,adjudicator,2-1,0,0
t1_p7jeqsz,0,0.3106943964958191,-0.796875,0,0,0.2793577882558975,english,comment,True,majority,3-0,0,0
t1_p7jhj3y,1,0.35086607933044434,-0.615234375,0,0,0.3248347035266926,english,comment,True,majority,3-0,1,1
t1_p7ji1sj,0,0.06278920918703079,-2.703125,0,0,0.03862089081550496,taglish,comment,True,unanimous,3-0,0,0
t1_p7jiww0,0,0.4870798587799072,-0.05169200897216797,0,1,0.48463671146841375,english,comment,True,adjudicator,2-1,0,0
t1_p7jj59h,0,0.6766198873519897,0.73828125,1,1,0.7064012366823917,tagalog,comment,True,adjudicator,2-1,0,1
t1_p7jj8ti,0,0.3293917179107666,-0.7109375,0,0,0.3003877877391037,tagalog,comment,True,adjudicator,2-1,0,1
t1_p7jjwfe,0,0.14463144540786743,-1.77734375,0,0,0.10777911463866278,english,comment,True,adjudicator,2-1,0,1
t1_p7jjytz,1,0.502532958984375,0.0101318359375,1,1,0.5030121764053032,taglish,comment,True,unanimous,3-0,1,1
t1_p7jjze4,0,0.2575782835483551,-1.05859375,0,0,0.22116551068081566,english,comment,True,unanimous,3-0,0,0
t1_p7jk77p,0,0.31027624011039734,-0.798828125,0,0,0.27889043495547283,english,comment,True,adjudicator,2-1,0,0
t1_p7jkrnn,0,0.07696083933115005,-2.484375,0,0,0.04952725201987752,tagalog,comment,True,adjudicator,2-1,0,1
t1_p7jkyer,0,0.6658452749252319,0.689453125,1,1,0.6942156562722787,tagalog,comment,True,adjudicator,2-1,0,0
t1_p7jl0bl,0,0.056236349046230316,-2.8203125,0,0,0.03376652104915705,taglish,comment,True,unanimous,3-0,0,0
t1_p7jl159,0,0.2267836332321167,-1.2265625,0,0,0.1886759036904617,tagalog,comment,True,adjudicator,2-1,0,0
t1_p7jl1kj,1,0.1919327974319458,-1.4375,0,0,0.15323049600268016,english,comment,True,majority,3-0,1,1
t1_p7jl2zl,1,0.7134315967559814,0.912109375,1,1,0.7473799215515096,taglish,comment,True,majority,3-0,1,1
t1_p7jle5m,0,0.7956580519676208,1.359375,1,1,0.8343227116747831,tagalog,comment,True,unanimous,3-0,0,0
t1_p7jlh3k,0,0.04885777831077576,-2.96875,0,0,0.028457904924012165,tagalog,comment,True,majority,3-0,0,0
t1_p7jlspi,0,0.5353413820266724,0.1416015625,1,1,0.541999197774379,tagalog,comment,True,majority,3-0,0,0
t1_p7jltmt,0,0.1830088496208191,-1.49609375,0,0,0.1444062292535348,tagalog,comment,True,adjudicator,2-1,0,0
t1_p7jly72,0,0.24006125330924988,-1.15234375,0,0,0.2025592038765171,english,comment,True,majority,3-0,0,0
t1_p7jm0fp,0,0.1352320909500122,-1.85546875,0,0,0.09916503058377688,taglish,comment,True,unanimous,3-0,0,0
t1_p7jm1cj,0,0.06278920918703079,-2.703125,0,0,0.03862089081550496,english,comment,True,majority,3-0,0,0
t1_p7jm4ni,0,0.8418256044387817,1.671875,1,1,0.879553174129656,tagalog,comment,True,adjudicator,2-1,0,0
t1_p7jmcko,0,0.8402590155601501,1.66015625,1,1,0.8780689740086729,tagalog,comment,True,adjudicator,2-1,0,1
t1_p7jmwuw,0,0.38375675678253174,-0.4736328125,0,0,0.3627963819323752,taglish,comment,True,unanimous,3-0,0,0
t1_p7jnfur,1,0.33545970916748047,-0.68359375,0,0,0.30726551339600494,english,comment,True,majority,3-0,1,1
t1_p7jnjat,1,0.24798741936683655,-1.109375,0,0,0.21093866637255032,tagalog,comment,True,majority,3-0,1,1
t1_p7joyca,0,0.03258974477648735,-3.390625,0,0,0.01742697498721133,tagalog,comment,True,unanimous,3-0,0,0
t1_p7jpiid,0,0.03760863468050957,-3.2421875,0,0,0.02072173994070112,tagalog,comment,True,adjudicator,2-1,0,0
t1_p7jpv87,0,0.8233283758163452,1.5390625,1,1,0.8617931827201804,tagalog,comment,True,adjudicator,2-1,0,1
t1_p7jqarc,0,0.3073580265045166,-0.8125,0,0,0.2756324246550468,english,comment,True,majority,3-0,0,0
t1_p7jqyo7,0,0.35353976488113403,-0.603515625,0,0,0.3278985410446838,english,comment,True,adjudicator,2-1,0,1
t1_p7jr9ed,0,0.3464307188987732,-0.634765625,0,0,0.31976155850075194,tagalog,comment,True,adjudicator,2-1,0,1
t1_p7jrlsk,0,0.14560064673423767,-1.76953125,0,0,0.10867579333120232,taglish,comment,True,majority,3-0,0,0
t1_p7jsawz,0,0.07316472381353378,-2.5390625,0,0,0.046553940983649456,taglish,comment,True,majority,3-0,0,0
t1_p7jsff6,0,0.13660839200019836,-1.84375,0,0,0.10041692671245497,taglish,comment,True,majority,3-0,0,0
t1_p7jslnr,0,0.13846179842948914,-1.828125,0,0,0.10210795049534478,english,comment,True,adjudicator,2-1,0,1
t1_p7jsvzn,0,0.22202469408512115,-1.25390625,0,0,0.1837485464084397,taglish,comment,True,unanimous,3-0,0,0
t1_p7jty2q,0,0.332852303981781,-0.6953125,0,0,0.3043071775494384,tagalog,comment,True,adjudicator,2-1,0,0
t1_p7jv0ob,0,0.26664361357688904,-1.01171875,0,0,0.23091654208810578,english,comment,True,unanimous,3-0,0,0
t1_p7jvjug,0,0.5317184925079346,0.127044677734375,1,1,0.537698926603023,tagalog,comment,True,adjudicator,2-1,0,0
t1_p7jwtc5,0,0.053009770810604095,-2.8828125,0,0,0.031423813827606194,tagalog,comment,True,adjudicator,2-1,0,0
t1_p7jwx3u,1,0.30445513129234314,-0.826171875,0,0,0.2723980973810203,english,comment,True,adjudicator,2-1,1,1
t1_p7jxi1w,0,0.621540904045105,0.49609375,1,1,0.643355558724394,tagalog,comment,True,adjudicator,2-1,0,0
t1_p7jxtad,0,0.02909075655043125,-3.5078125,0,0,0.015194426025738363,taglish,comment,True,majority,3-0,0,0
t1_p7jy4x2,0,0.3415825068950653,-0.65625,0,0,0.3142299835086695,tagalog,comment,True,adjudicator,2-1,0,0
t1_p7k378k,0,0.12984344363212585,-1.90234375,0,0,0.0942954062916717,taglish,comment,True,majority,3-0,0,0
t1_p7k3r6i,0,0.048496000468730927,-2.9765625,0,0,0.028202157952274754,english,comment,True,adjudicator,2-1,0,0
t1_p7k3th6,0,0.36590972542762756,-0.5498046875,0,0,0.3421266048071726,taglish,comment,True,majority,3-0,0,0
t1_p7k47v9,0,0.09009299427270889,-2.3125,0,0,0.06008430908186692,taglish,comment,True,adjudicator,2-1,0,0
t1_p7k4jsc,0,0.08945459872484207,-2.3203125,0,0,0.05956176492611232,english,comment,True,majority,3-0,0,0
t1_p7k4xld,0,0.1540575623512268,-1.703125,0,0,0.11656503016838424,taglish,comment,True,unanimous,3-0,0,0
t1_p7k4ywy,0,0.07159119844436646,-2.5625,0,0,0.04533231241751324,english,comment,True,majority,3-0,0,0
t1_p7k552w,0,0.37227699160575867,-0.5224609375,0,0,0.3494826015998017,english,comment,True,majority,3-0,0,0
t1_p7k5c70,0,0.09268777817487717,-2.28125,0,0,0.06221767527483517,tagalog,comment,True,adjudicator,2-1,0,1
t1_p7k5edx,0,0.4957314431667328,-0.0170745849609375,0,1,0.49492386992664733,english,comment,True,majority,3-0,0,0
t1_p7k5sks,0,0.07369627058506012,-2.53125,0,0,0.046968065023667654,taglish,comment,True,majority,3-0,0,0
t1_p7k5zbv,1,0.11318691074848175,-2.05859375,0,0,0.07957801855935821,taglish,comment,True,adjudicator,2-1,1,1
t1_p7k60wy,0,0.17384853959083557,-1.55859375,0,0,0.13546356053949013,tagalog,comment,True,adjudicator,2-1,0,0
t1_p7k69ef,0,0.25608712434768677,-1.06640625,0,0,0.21956932511528995,tagalog,comment,True,majority,3-0,0,0
t1_p7k6fel,0,0.24148938059806824,-1.14453125,0,0,0.20406406572014105,taglish,comment,True,majority,3-0,0,0
t1_p7k6gpx,0,0.14903530478477478,-1.7421875,0,0,0.11186591410111141,tagalog,comment,True,adjudicator,3-0,0,0
t1_p7k6mih,0,0.1705079972743988,-1.58203125,0,0,0.13223241579172082,tagalog,comment,True,adjudicator,2-1,0,0
t1_p7k6xn5,0,0.3789186179637909,-0.494140625,0,0,0.3571775533143224,english,comment,True,adjudicator,2-1,0,0
t1_p7k70p1,0,0.2233770787715912,-1.24609375,0,0,0.18514610554760244,taglish,comment,True,unanimous,3-0,0,0
t1_p7k7ilt,0,0.10017221421003342,-2.1953125,0,0,0.06845414922004703,taglish,comment,True,majority,3-0,0,0
t1_p7k7rbj,0,0.1550784707069397,-1.6953125,0,0,0.11752517586925505,english,comment,True,majority,3-0,0,0
t1_p7k7vip,0,0.07585818320512772,-2.5,0,0,0.04865983298681335,english,comment,True,majority,3-0,0,0
t1_p7k81p8,0,0.3638729155063629,-0.55859375,0,0,0.339778003819964,tagalog,comment,True,adjudicator,2-1,0,0
t1_p7k8net,0,0.04742587357759476,-3.0,0,0,0.027448237421121728,tagalog,comment,True,majority,3-0,0,0
t1_p7k97ke,0,0.34554681181907654,-0.638671875,0,0,0.3187519785735547,english,comment,True,adjudicator,2-1,0,1
t1_p7k9hk0,0,0.06097517907619476,-2.734375,0,0,0.03726447760073885,taglish,comment,True,majority,3-0,0,0
t1_p7k9qph,0,0.05582314357161522,-2.828125,0,0,0.033464709621947385,tagalog,comment,True,adjudicator,2-1,0,0
t1_p7k9ypx,0,0.23792988061904907,-1.1640625,0,0,0.20031746135926515,tagalog,comment,True,adjudicator,2-1,0,1
t1_p7ka6tc,0,0.06512754410505295,-2.6640625,0,0,0.04038312642469323,taglish,comment,True,majority,3-0,0,0
t1_p7kao2a,0,0.0960254892706871,-2.2421875,0,0,0.06498383154150235,tagalog,comment,True,majority,3-0,0,0
t1_p7kav72,0,0.04084571823477745,-3.15625,0,0,0.022900383378947134,taglish,comment,True,unanimous,3-0,0,0
t1_p7kax5v,0,0.05707139894366264,-2.8046875,0,0,0.03437804308929698,taglish,comment,True,majority,3-0,0,0
t1_p7kb5ba,0,0.0844927504658699,-2.3828125,0,0,0.05553225154825975,taglish,comment,True,majority,3-0,0,0
t1_p7kb827,0,0.17272931337356567,-1.56640625,0,0,0.1343791797235723,english,comment,True,adjudicator,2-1,0,0
t1_p7kcbjl,0,0.03676946833729744,-3.265625,0,0,0.020163642187874958,taglish,comment,True,majority,3-0,0,0
t1_p7kcsle,0,0.051082734018564224,-2.921875,0,0,0.030040304998998214,english,comment,True,majority,3-0,0,0
t1_p7kdl3z,1,0.8638516664505005,1.84765625,1,1,0.9000019242954149,taglish,comment,True,majority,3-0,1,1
t1_p7kdtat,0,0.06142404302954674,-2.7265625,0,0,0.03759922525176843,taglish,comment,True,majority,3-0,0,0
t1_p7kdw6q,0,0.19436782598495483,-1.421875,0,0,0.15565700984748004,taglish,comment,True,unanimous,3-0,0,0
t1_p7ke3gb,0,0.21601152420043945,-1.2890625,0,0,0.17756067978225853,taglish,comment,True,unanimous,3-0,0,0
t1_p7kgbw3,0,0.7655933499336243,1.18359375,1,1,0.8033773483490483,tagalog,comment,True,unanimous,3-0,0,0
t1_p7ki9ed,0,0.11201595515012741,-2.0703125,0,0,0.07856323179659935,tagalog,comment,True,majority,3-0,0,0
t1_p7kicpd,0,0.13251455128192902,-1.87890625,0,0,0.09670285118004486,taglish,comment,True,unanimous,3-0,0,0
t1_p7kiv8w,0,0.09877258539199829,-2.2109375,0,0,0.0672787089941717,taglish,comment,True,unanimous,3-0,0,0
t1_p7kix8h,0,0.5784481763839722,0.31640625,1,1,0.592973776991433,taglish,comment,True,unanimous,3-0,0,0
t1_p7kj0wi,0,0.052618954330682755,-2.890625,0,0,0.031142267058074505,taglish,comment,True,majority,3-0,0,0
t1_p7kk0ar,0,0.04501553252339363,-3.0546875,0,0,0.02576448434555595,taglish,comment,True,majority,3-0,0,0
t1_p7kk8ri,0,0.45072200894355774,-0.19775390625,0,0,0.4414768825092679,english,comment,True,adjudicator,2-1,0,0
t1_p7kkj6h,0,0.06371499598026276,-2.6875,0,0,0.03931674968895177,taglish,comment,True,majority,3-0,0,0
t1_p7kknye,0,0.13341522216796875,-1.87109375,0,0,0.09751745159770717,taglish,comment,True,majority,3-0,0,0
t1_p7kkwjh,0,0.14033624529838562,-1.8125,0,0,0.1038241645434529,tagalog,comment,True,adjudicator,2-1,0,1
t1_p7klaya,0,0.6088266372680664,0.4423828125,1,1,0.6285694889717869,tagalog,comment,True,majority,3-0,0,0
t1_p7klc7o,0,0.8714748620986938,1.9140625,1,1,0.9068880721745805,taglish,comment,True,majority,3-0,0,0
t1_p7klxiv,0,0.07751766592264175,-2.4765625,0,0,0.04996643926255239,tagalog,comment,True,adjudicator,2-1,0,0
t1_p7klzd9,0,0.13206616044044495,-1.8828125,0,0,0.09629783366606852,tagalog,comment,True,adjudicator,2-1,0,1
t1_p7km0h3,0,0.11162799596786499,-2.07421875,0,0,0.07822760839254668,taglish,comment,True,majority,3-0,0,0
t1_p7kmmyz,0,0.351311057806015,-0.61328125,0,0,0.3253443119571034,tagalog,comment,True,majority,3-0,0,0
t1_p7kmyht,0,0.23161423206329346,-1.19921875,0,0,0.1937040359393995,taglish,comment,True,unanimous,3-0,0,0
t1_p7knb3a,0,0.09009299427270889,-2.3125,0,0,0.06008430908186692,taglish,comment,True,unanimous,3-0,0,0
t1_p7knj9u,0,0.2254166156053543,-1.234375,0,0,0.18725782320003567,taglish,comment,True,majority,3-0,0,0
t1_p7kntcm,0,0.08570928126573563,-2.3671875,0,0,0.05651490184896655,taglish,comment,True,majority,3-0,0,0
t1_p7knupo,0,0.5350376963615417,0.140380859375,1,1,0.5416388193014018,english,comment,True,adjudicator,2-1,0,0
t1_p7koixa,0,0.4684258699417114,-0.12646484375,0,0,0.46247248353659315,tagalog,comment,True,unanimous,3-0,0,0
t1_p7kp28v,0,0.5727227926254272,0.29296875,1,1,0.5862296560012284,tagalog,comment,True,adjudicator,2-1,0,0
t1_p7kpcat,0,0.7322090864181519,1.005859375,1,1,0.7678436608462912,tagalog,comment,True,unanimous,3-0,0,0
t1_p7kpsab,0,0.31111282110214233,-0.794921875,0,0,0.2798256208192962,english,comment,True,adjudicator,2-1,0,0
t1_p7kpu1i,0,0.8164063692092896,1.4921875,1,1,0.8550188760828368,tagalog,comment,True,adjudicator,2-1,0,0
t1_p7kqof7,0,0.17272931337356567,-1.56640625,0,0,0.1343791797235723,taglish,comment,True,unanimous,3-0,0,0
t1_p7kroht,1,0.5700920224189758,0.2822265625,1,1,0.583127596501867,tagalog,comment,True,adjudicator,2-1,1,0
t1_p7krwq5,0,0.19132769107818604,-1.44140625,0,0,0.15262872931274815,tagalog,comment,True,adjudicator,2-1,0,0
t1_p7ksaqn,0,0.14608725905418396,-1.765625,0,0,0.10912658456855195,taglish,comment,True,unanimous,3-0,0,0
t1_p7kszi0,0,0.31111282110214233,-0.794921875,0,0,0.2798256208192962,taglish,comment,True,unanimous,3-0,0,0
t1_p7ktpl9,0,0.16559313237667084,-1.6171875,0,0,0.12750838892487698,taglish,comment,True,unanimous,3-0,0,0
t1_p7ku363,0,0.09534946829080582,-2.25,0,0,0.06442159748646398,taglish,comment,True,adjudicator,2-1,0,0
t1_p7kuxef,0,0.16238003969192505,-1.640625,0,0,0.124439682567861,taglish,comment,True,adjudicator,2-1,0,0
t1_p7kvr87,0,0.2267836332321167,-1.2265625,0,0,0.1886759036904617,english,comment,True,unanimous,3-0,0,0
t1_p7kwraw,0,0.06233103200793266,-2.7109375,0,0,0.03827740899962687,english,comment,True,majority,3-0,0,0
t1_p7ky524,0,0.06418264657258987,-2.6796875,0,0,0.03966917331429503,taglish,comment,True,unanimous,3-0,0,0
t1_p7ky9x7,0,0.2628418207168579,-1.03125,0,0,0.22681742058278329,tagalog,comment,True,unanimous,3-0,0,0
t1_p7kz1kh,0,0.055005285888910294,-2.84375,0,0,0.03286888108470324,english,comment,True,unanimous,3-0,0,0
t1_p7kzk2p,0,0.11838509887456894,-2.0078125,0,0,0.08411507628305595,taglish,comment,True,unanimous,3-0,0,0
t1_p7l0ksb,0,0.15974101424217224,-1.66015625,0,0,0.12193102599132717,tagalog,comment,True,adjudicator,2-1,0,1
t1_p7l0via,1,0.5723642706871033,0.29150390625,1,1,0.5858070447279584,taglish,comment,True,majority,3-0,1,1
t1_p7l13ow,0,0.08093671500682831,-2.4296875,0,0,0.05267997036584241,taglish,comment,True,majority,3-0,0,0
t1_p7l17c1,0,0.48471546173095703,-0.0611572265625,0,1,0.4818258579888474,taglish,comment,True,unanimous,3-0,0,0
t1_p7l17yc,0,0.11201595515012741,-2.0703125,0,0,0.07856323179659935,taglish,comment,True,majority,3-0,0,0
t1_p7l1bqh,0,0.8338664174079895,1.61328125,1,1,0.8719739221167245,tagalog,comment,True,majority,3-0,0,0
t1_p7l1ig6,0,0.1949802190065384,-1.41796875,0,0,0.15626851424771637,tagalog,comment,True,adjudicator,2-1,0,0
t1_p7l1qef,0,0.77390056848526,1.23046875,1,1,0.812034164310196,taglish,comment,True,unanimous,3-0,0,0
t1_p7l2cqq,0,0.34687307476997375,-0.6328125,0,0,0.32026698337807363,taglish,comment,True,adjudicator,2-1,0,0
t1_p7l474i,1,0.3816803991794586,-0.482421875,0,0,0.3603836174654,taglish,comment,True,majority,3-0,1,1
t1_p7l4qss,0,0.1772405207157135,-1.53515625,0,0,0.13876103420374594,taglish,comment,True,majority,3-0,0,0
t1_p7l5tem,0,0.09739040583372116,-2.2265625,0,0,0.06612201983311876,taglish,comment,True,majority,3-0,0,0
t1_p7l6kti,0,0.10230471193790436,-2.171875,0,0,0.07025301902707505,taglish,comment,True,unanimous,3-0,0,0
t1_p7l71t3,0,0.12549343705177307,-1.94140625,0,0,0.09040218312581255,tagalog,comment,True,adjudicator,2-1,0,1
t1_p7l76j1,0,0.5543498396873474,0.21826171875,1,1,0.5645277309087303,taglish,comment,True,majority,3-0,0,0
t1_p7la0pf,0,0.18952110409736633,-1.453125,0,0,0.150835051309789,english,comment,True,majority,3-0,0,0
t1_p7laa29,1,0.6697447896003723,0.70703125,1,1,0.6986350666181275,tagalog,comment,True,adjudicator,2-1,1,1
t1_p7laogc,0,0.200557678937912,-1.3828125,0,0,0.16186039656362236,tagalog,comment,True,adjudicator,2-1,0,1
t1_p7lb2ol,0,0.49565136432647705,-0.01739501953125,0,1,0.49482861416321755,english,comment,True,majority,3-0,0,0
t1_p7lbiex,0,0.1705079972743988,-1.58203125,0,0,0.13223241579172082,english,comment,True,majority,3-0,0,0
t1_p7lbluu,0,0.06954174488782883,-2.59375,0,0,0.043750912777153664,taglish,comment,True,unanimous,3-0,0,0
t1_p7ldn0g,0,0.11124119907617569,-2.078125,0,0,0.07789329757237186,taglish,comment,True,unanimous,3-0,0,0
t1_p7le1eh,0,0.15203222632408142,-1.71875,0,0,0.11466515652192286,taglish,comment,True,majority,3-0,0,0
t1_p7lecgg,1,0.5467381477355957,0.1875,1,1,0.5555142669619143,english,comment,True,adjudicator,2-1,1,0
t1_p7lem5c,0,0.6736212372779846,0.724609375,1,1,0.7030179288503448,tagalog,comment,True,adjudicator,2-1,0,0
t1_p7leyiv,0,0.5139124393463135,0.0556640625,1,1,0.5165429843937984,taglish,comment,True,majority,3-0,0,0
t1_p7lf6st,0,0.14366762340068817,-1.78515625,0,0,0.10688894716486855,english,comment,True,majority,3-0,0,0
t1_p7lgfcn,0,0.15456733107566833,-1.69921875,0,0,0.1170442489900627,taglish,comment,True,majority,3-0,0,0
t1_p7lhn75,0,0.07978201657533646,-2.4453125,0,0,0.05176034166174364,taglish,comment,True,majority,3-0,0,0
t1_p7lhzij,1,0.722527027130127,0.95703125,1,1,0.7573321645183662,tagalog,comment,True,unanimous,3-0,1,1
t1_p7lizpx,0,0.1962094008922577,-1.41015625,0,0,0.1574973936728077,tagalog,comment,True,adjudicator,2-1,0,0
t1_p7lm414,0,0.4951402246952057,-0.019439697265625,0,1,0.49422080080558933,tagalog,comment,True,majority,3-0,0,0
t1_p7lnrs6,0,0.15921740233898163,-1.6640625,0,0,0.12143455080268824,english,comment,True,majority,3-0,0,0
t1_p7lo5pt,0,0.6645402908325195,0.68359375,1,1,0.692734486603995,english,comment,True,adjudicator,2-1,0,0
t1_p7lqcfg,0,0.06052939593791962,-2.7421875,0,0,0.03693259585415982,taglish,comment,True,majority,3-0,0,0
t1_p7lr7hp,0,0.18892180919647217,-1.45703125,0,0,0.15024102286984511,tagalog,comment,True,majority,3-0,0,0
t1_p7ltirq,1,0.46471935510635376,-0.141357421875,0,0,0.45807287441682265,english,comment,True,adjudicator,2-1,1,1
t1_p7lup40,0,0.6118459105491638,0.455078125,1,1,0.6320873717142805,taglish,comment,True,majority,3-0,0,0
t1_p7lyg06,0,0.8757869601249695,1.953125,1,1,0.9107372481911481,tagalog,comment,True,unanimous,3-0,0,0
t1_p7lyhlv,0,0.058345843106508255,-2.78125,0,0,0.035315392862957325,taglish,comment,True,unanimous,3-0,0,0
t1_p7m16hz,0,0.030444350093603134,-3.4609375,0,0,0.016051496139217223,taglish,comment,True,majority,3-0,0,0
t1_p7m2zbp,0,0.24364246428012848,-1.1328125,0,0,0.20633691787009387,tagalog,comment,True,adjudicator,2-1,0,0
t1_p7m34ce,1,0.7082125544548035,0.88671875,1,1,0.7416366003317241,tagalog,comment,True,majority,3-0,1,1
t1_p7m3twq,0,0.08210662752389908,-2.4140625,0,0,0.05361501432250988,english,comment,True,majority,3-0,0,0
t1_p7m7fuw,0,0.18417982757091522,-1.48828125,0,0,0.14555791792331574,taglish,comment,True,majority,3-0,0,0
t1_p7m9h9j,1,0.6150878667831421,0.46875,1,1,0.6358601923907359,tagalog,comment,True,adjudicator,2-1,1,1
t1_p7mbff3,0,0.13296425342559814,-1.875,0,0,0.09710938910184348,tagalog,comment,True,adjudicator,2-1,0,1
t1_p7mcjoy,0,0.16940587759017944,-1.58984375,0,0,0.13116997582821324,tagalog,comment,True,majority,3-0,0,0
t1_p7mcx08,0,0.7106282711029053,0.8984375,1,1,0.7442979008524503,tagalog,comment,True,majority,3-0,0,0
t1_p7mcz3r,0,0.08945459872484207,-2.3203125,0,0,0.05956176492611232,taglish,comment,True,majority,3-0,0,0
t1_p7mdh91,0,0.07004895806312561,-2.5859375,0,0,0.044141256654822006,taglish,comment,True,adjudicator,2-1,0,0
t1_p7mgcc5,0,0.04115288704633713,-3.1484375,0,0,0.023109195310905436,taglish,comment,True,unanimous,3-0,0,0
t1_p7mid55,1,0.49545300006866455,-0.0181884765625,0,1,0.4945927443794304,taglish,comment,True,adjudicator,2-1,1,1
t1_p7mkfgf,0,0.04742587357759476,-3.0,0,0,0.027448237421121728,english,comment,True,majority,3-0,0,0
t1_p7mladu,0,0.2233770787715912,-1.24609375,0,0,0.18514610554760244,taglish,comment,True,majority,3-0,0,0
t1_p7mqnx2,0,0.1980641782283783,-1.3984375,0,0,0.1593554302295759,english,comment,True,majority,3-0,0,0
t1_p7mqvy7,0,0.12549343705177307,-1.94140625,0,0,0.09040218312581255,taglish,comment,True,majority,3-0,0,0
t1_p7mra15,0,0.39303556084632874,-0.4345703125,0,0,0.3736021836078956,english,comment,True,adjudicator,2-1,0,0
t1_p7mvzml,0,0.21800270676612854,-1.27734375,0,0,0.17960494999972434,tagalog,comment,True,adjudicator,2-1,0,0
t1_p7mzui1,0,0.14903530478477478,-1.7421875,0,0,0.11186591410111141,tagalog,comment,True,majority,3-0,0,0
t1_p7n1l39,0,0.09877258539199829,-2.2109375,0,0,0.0672787089941717,taglish,comment,True,majority,3-0,0,0
t1_p7n6ben,0,0.28537195920944214,-0.91796875,0,0,0.25130676509044886,tagalog,comment,True,adjudicator,2-1,0,0
t3_1vc8dyu,0,0.06853749603033066,-2.609375,0,0,0.042980085677544806,english,submission,True,majority,3-0,0,0
t3_1vcgopx,0,0.1980641782283783,-1.3984375,0,0,0.1593554302295759,english,submission,True,unanimous,3-0,0,0
t3_1vchihj,0,0.07585818320512772,-2.5,0,0,0.04865983298681335,taglish,submission,True,majority,3-0,0,0
t3_1vd7u2z,0,0.10894505679607391,-2.1015625,0,0,0.07591476764285741,tagalog,submission,True,adjudicator,2-1,0,0
t3_1vf0mft,0,0.08756383508443832,-2.34375,0,0,0.05801956760606101,taglish,submission,True,unanimous,3-0,0,0
t3_1vfzcf0,0,0.11476478725671768,-2.04296875,0,0,0.0809496930744057,english,submission,True,unanimous,3-0,0,0
t3_1vgih69,0,0.034358687698841095,-3.3359375,0,0,0.01857624690416891,taglish,submission,True,unanimous,3-0,0,0
t3_1vhps53,0,0.07004895806312561,-2.5859375,0,0,0.044141256654822006,taglish,submission,True,unanimous,3-0,0,0
t3_1vhs53z,0,0.12378870695829391,-1.95703125,0,0,0.08888582912579047,taglish,submission,True,adjudicator,2-1,0,1
t3_1vi0ni5,0,0.11879339814186096,-2.00390625,0,0,0.08447364412812908,english,submission,True,majority,3-0,0,0
t3_1viin45,0,0.04535258188843727,-3.046875,0,0,0.025998717043457367,english,submission,True,unanimous,3-0,0,0
t3_1vikkpz,0,0.6517983078956604,0.626953125,1,1,0.6782142123463043,taglish,submission,True,adjudicator,2-1,0,0
t3_1vj52sf,0,0.0427221953868866,-3.109375,0,0,0.024181449380090793,taglish,submission,True,unanimous,3-0,0,0
t3_1vjvros,0,0.684264063835144,0.7734375,1,1,0.7149967427645498,tagalog,submission,True,majority,3-0,0,0
t3_1vk6m52,0,0.16132023930549622,-1.6484375,0,0,0.12343094853505886,taglish,submission,True,unanimous,3-0,0,0
t3_1vkn1es,0,0.11047115921974182,-2.0859375,0,0,0.07722859729130906,taglish,submission,True,unanimous,3-0,0,0
t3_1vlgxei,0,0.07696083933115005,-2.484375,0,0,0.04952725201987752,taglish,submission,True,unanimous,3-0,0,0
t3_1vm4kgg,0,0.056236349046230316,-2.8203125,0,0,0.03376652104915705,taglish,submission,True,unanimous,3-0,0,0
t3_1vmbtkh,0,0.22000709176063538,-1.265625,0,0,0.181667557260213,taglish,submission,True,majority,3-0,0,0
t3_1vmczp1,0,0.18184363842010498,-1.50390625,0,0,0.1432621251584481,tagalog,submission,True,majority,3-0,0,0
t3_1vmdwmg,0,0.037326887249946594,-3.25,0,0,0.020534047315554225,taglish,submission,True,unanimous,3-0,0,0
t3_1vmfdu4,0,0.14854057133197784,-1.74609375,0,0,0.11140522203427455,taglish,submission,True,adjudicator,2-1,0,0
t3_1vminyh,0,0.06233103200793266,-2.7109375,0,0,0.03827740899962687,english,submission,True,majority,3-0,0,0
t3_1vn48aj,0,0.08035747706890106,-2.4375,0,0,0.05221824310913802,taglish,submission,True,unanimous,3-0,0,0
t3_1vn5hr5,0,0.08509904891252518,-2.375,0,0,0.0560215500647655,taglish,submission,True,majority,3-0,0,0
t3_1vna3cl,0,0.1901218295097351,-1.44921875,0,0,0.15143100989332017,taglish,submission,True,majority,3-0,0,0
t3_1vnuz4r,0,0.11961366981267929,-1.99609375,0,0,0.08519494477629674,taglish,submission,True,majority,3-0,0,0
t3_1vpaday,0,0.05460060387849808,-2.8515625,0,0,0.032574822439776274,tagalog,submission,True,unanimous,3-0,0,0
t3_1vpddgk,0,0.07369627058506012,-2.53125,0,0,0.046968065023667654,taglish,submission,True,unanimous,3-0,0,0
t3_1vpe8de,0,0.04146227613091469,-3.140625,0,0,0.023319865805170963,taglish,submission,True,majority,3-0,0,0
t3_1vpovj3,0,0.03514484316110611,-3.3125,0,0,0.01909126413049286,taglish,submission,True,unanimous,3-0,0,0
t3_1vppeq5,0,0.046378206461668015,-3.0234375,0,0,0.02671391721377015,tagalog,submission,True,unanimous,3-0,0,0
t3_1vppgbz,0,0.04177388176321983,-3.1328125,0,0,0.023532410572131825,tagalog,submission,True,majority,3-0,0,0
t3_1vpu0p5,0,0.07696083933115005,-2.484375,0,0,0.04952725201987752,taglish,submission,True,unanimous,3-0,0,0
t3_1vpvw48,0,0.035678550601005554,-3.296875,0,0,0.019442360612470913,taglish,submission,True,unanimous,3-0,0,0
t3_1vq1qpn,0,0.04240382835268974,-3.1171875,0,0,0.023963186354104462,tagalog,submission,True,adjudicator,2-1,0,0
t3_1vqe0cr,0,0.16184942424297333,-1.64453125,0,0,0.12393443444781185,taglish,submission,True,majority,3-0,0,0
t3_1vqi616,1,0.21601152420043945,-1.2890625,0,0,0.17756067978225853,taglish,submission,True,majority,3-0,1,1
t3_1vqkgz7,0,0.05184547230601311,-2.90625,0,0,0.030586480321749796,taglish,submission,True,unanimous,3-0,0,0
t3_1vqlxq4,0,0.03817827254533768,-3.2265625,0,0,0.021102176500596717,tagalog,submission,True,majority,3-0,0,0
t3_1vqo2c3,0,0.03817827254533768,-3.2265625,0,0,0.021102176500596717,taglish,submission,True,majority,3-0,0,0
t3_1vqocnh,0,0.05541279539465904,-2.8359375,0,0,0.03316550324581615,taglish,submission,True,majority,3-0,0,0
t3_1vqqy2h,0,0.057918090373277664,-2.7890625,0,0,0.0350002388124042,taglish,submission,True,majority,3-0,0,0
t3_1vqswlc,0,0.043365802615880966,-3.09375,0,0,0.02462380662368835,taglish,submission,True,unanimous,3-0,0,0
t3_1vqtr8w,0,0.5258862376213074,0.1036376953125,1,1,0.5307727285274526,taglish,submission,True,unanimous,3-0,0,0
t3_1vquf6s,0,0.04501553252339363,-3.0546875,0,0,0.02576448434555595,taglish,submission,True,unanimous,3-0,0,0
t3_1vqzvtd,0,0.04885777831077576,-2.96875,0,0,0.028457904924012165,taglish,submission,True,majority,3-0,0,0
t3_1vr7bob,0,0.07055959850549698,-2.578125,0,0,0.044534920969878176,english,submission,True,unanimous,3-0,0,0
t3_1vrjcnw,0,0.035678550601005554,-3.296875,0,0,0.019442360612470913,english,submission,True,majority,3-0,0,0
t3_1vrrfi8,0,0.04146227613091469,-3.140625,0,0,0.023319865805170963,taglish,submission,True,majority,3-0,0,0
t3_1vrsgw9,0,0.04569203034043312,-3.0390625,0,0,0.026235021877055197,tagalog,submission,True,adjudicator,3-0,0,0
t3_1vruolz,0,0.03817827254533768,-3.2265625,0,0,0.021102176500596717,tagalog,submission,True,majority,3-0,0,0
t3_1vrwip9,0,0.03993731364607811,-3.1796875,0,0,0.02228494360389489,taglish,submission,True,majority,3-0,0,0
t3_1vs9fes,0,0.05541279539465904,-2.8359375,0,0,0.03316550324581615,tagalog,submission,True,majority,3-0,0,0
t3_1vs9ynp,0,0.04742587357759476,-3.0,0,0,0.027448237421121728,english,submission,True,majority,3-0,0,0
t3_1vseiez,0,0.06754669547080994,-2.625,0,0,0.04222223977520221,taglish,submission,True,majority,3-0,0,0
t3_1vsem4e,0,0.06608537584543228,-2.6484375,0,0,0.04110937897992363,taglish,submission,True,majority,3-0,0,0
t3_1vsgvwd,0,0.047074176371097565,-3.0078125,0,0,0.027201310134468026,taglish,submission,True,unanimous,3-0,0,0
t3_1vsgx0z,0,0.06853749603033066,-2.609375,0,0,0.042980085677544806,taglish,submission,True,majority,3-0,0,0
t3_1vshgz3,0,0.035678550601005554,-3.296875,0,0,0.019442360612470913,taglish,submission,True,unanimous,3-0,0,0
t3_1vsnpkz,0,0.11318691074848175,-2.05859375,0,0,0.07957801855935821,taglish,submission,True,unanimous,3-0,0,0
t3_1vspji0,0,0.04922211542725563,-2.9609375,0,0,0.028715902567485067,tagalog,submission,True,adjudicator,2-1,0,0
t3_1vsq8gw,0,0.07316472381353378,-2.5390625,0,0,0.046553940983649456,tagalog,submission,True,adjudicator,2-1,0,0
t3_1vsqrbc,0,0.03138043358922005,-3.4296875,0,0,0.016649117792435972,tagalog,submission,True,majority,3-0,0,0
t3_1vstabm,0,0.0384661927819252,-3.21875,0,0,0.02129494923941199,taglish,submission,True,adjudicator,3-0,0,0
t3_1vstsaf,0,0.05582314357161522,-2.828125,0,0,0.033464709621947385,taglish,submission,True,unanimous,3-0,0,0
t3_1vsvjqx,0,0.05749328061938286,-2.796875,0,0,0.03468779606360686,english,submission,True,majority,3-0,0,0
t3_1vsw6tp,0,0.04922211542725563,-2.9609375,0,0,0.028715902567485067,taglish,submission,True,unanimous,3-0,0,0
t3_1vt0ebr,0,0.03993731364607811,-3.1796875,0,0,0.02228494360389489,taglish,submission,True,majority,3-0,0,0
t3_1vt39b9,0,0.05921025201678276,-2.765625,0,0,0.035953921674560914,english,submission,True,adjudicator,2-1,0,0
t3_1vt3fqa,0,0.20370754599571228,-1.36328125,0,0,0.1650361675608478,english,submission,True,majority,3-0,0,0
t3_1vt4p7d,0,0.032344330102205276,-3.3984375,0,0,0.01726859930943672,taglish,submission,True,unanimous,3-0,0,0
t3_1vt61l7,0,0.057918090373277664,-2.7890625,0,0,0.0350002388124042,tagalog,submission,True,majority,3-0,0,0
t3_1vt74o7,0,0.052618954330682755,-2.890625,0,0,0.031142267058074505,taglish,submission,True,unanimous,3-0,0,0
t3_1vt7zux,0,0.038756195455789566,-3.2109375,0,0,0.021489444337887676,taglish,submission,True,majority,3-0,0,0
t3_1vtbxgt,0,0.0838903859257698,-2.390625,0,0,0.05504697741080492,taglish,submission,True,majority,3-0,0,0
t3_1vtdr0f,0,0.04778006672859192,-2.9921875,0,0,0.027697342436360083,taglish,submission,True,unanimous,3-0,0,0
t3_1vtg4c1,0,0.06954174488782883,-2.59375,0,0,0.043750912777153664,english,submission,True,majority,3-0,0,0
t3_1vth25k,0,0.03649376332759857,-3.2734375,0,0,0.019980901537218175,taglish,submission,True,majority,3-0,0,0
t3_1vthf6q,0,0.03283695876598358,-3.3828125,0,0,0.01758677718353477,tagalog,submission,True,majority,3-0,0,0
